id,sentiment,answer
12311_10,1,1
8348_2,0,0
5828_4,0,0
7186_2,0,0
12128_7,1,1
2913_8,0,1
4396_1,0,0
395_2,0,0
10616_1,0,0
9074_9,0,1
9252_3,1,0
9896_9,0,1
574_4,0,0
11182_8,1,1
11656_4,0,0
2322_4,0,0
8703_1,1,0
7483_1,0,0
6007_10,1,1
12424_4,0,0
4672_1,0,0
10841_3,0,0
8954_7,0,1
7392_1,0,0
10288_8,1,1
5343_4,0,0
4950_1,0,0
9257_4,0,0
8689_3,0,0
4480_2,0,0
9286_10,0,1
12245_10,1,1
7529_7,1,1
4_4,0,0
5299_2,0,0
12077_8,1,1
10701_2,0,0
11579_1,0,0
10993_1,0,0
8913_1,0,0
1350_3,0,0
3804_2,0,0
5025_3,0,0
5170_8,0,1
8225_8,1,1
6427_7,1,1
3165_3,0,0
7902_9,1,1
8208_3,0,0
3577_8,0,1
4865_1,0,0
9063_3,1,0
1106_1,0,0
1117_9,1,1
1050_4,1,0
10755_9,1,1
2729_8,1,1
10072_10,1,1
2904_7,1,1
4584_2,1,0
189_4,1,0
6302_4,0,0
8138_9,1,1
1262_1,0,0
2199_10,1,1
6551_7,1,1
8082_7,0,1
4897_8,1,1
7360_1,0,0
11012_10,1,1
12046_1,0,0
2331_2,0,0
8961_9,1,1
751_7,0,1
9884_10,0,1
10016_8,0,1
8023_10,0,1
2628_1,0,0
5832_1,0,0
7302_1,0,0
4501_3,0,0
1121_7,0,1
8334_3,0,0
9789_10,0,1
4230_10,1,1
824_4,0,0
6803_9,1,1
3086_7,1,1
1135_8,0,1
10136_1,0,0
11129_3,0,0
2072_8,0,1
9501_7,1,1
319_10,1,1
1693_7,1,1
10886_1,0,0
9406_8,1,1
10376_10,0,1
9902_1,0,0
9938_8,0,1
7080_9,1,1
11944_8,0,1
5249_1,0,0
9599_2,0,0
9620_1,0,0
11244_1,0,0
6841_10,1,1
10050_4,1,0
10512_9,0,1
11327_3,0,0
10681_8,1,1
808_3,0,0
546_7,1,1
10765_1,0,0
7189_9,1,1
6005_9,1,1
11915_9,1,1
5740_10,1,1
7097_10,0,1
9573_10,1,1
5084_4,1,0
12332_7,0,1
8154_1,0,0
5610_1,0,0
5323_9,0,1
11034_8,1,1
3977_2,0,0
12380_7,0,1
1737_8,0,1
6030_9,0,1
5918_7,1,1
7061_9,1,1
266_8,1,1
1375_10,0,1
8648_3,0,0
10146_10,1,1
4578_10,0,1
4685_8,1,1
11843_9,0,1
5467_10,0,1
10140_10,1,1
7721_8,1,1
11208_10,0,1
1063_10,1,1
8260_10,0,1
3182_9,1,1
2797_8,1,1
7613_2,1,0
11624_4,0,0
4847_10,1,1
10684_7,1,1
6312_1,0,0
4925_3,0,0
4125_1,0,0
2394_10,1,1
12105_10,1,1
7812_1,0,0
1061_8,0,1
9343_3,1,0
7696_10,1,1
9355_10,1,1
782_9,1,1
9882_10,1,1
10642_10,1,1
7410_2,0,0
9591_4,0,0
11902_3,0,0
3495_7,1,1
6733_1,0,0
4552_1,0,0
6722_1,0,0
188_10,0,1
5099_10,1,1
10313_1,0,0
6756_9,1,1
6622_2,0,0
4807_10,1,1
7173_3,0,0
11321_8,1,1
7909_9,1,1
8012_7,0,1
8615_4,0,0
8117_10,0,1
1892_10,0,1
4617_1,0,0
1893_8,1,1
5435_1,0,0
162_3,0,0
6516_10,1,1
11588_7,0,1
2006_1,0,0
1594_4,0,0
1472_1,0,0
3647_1,0,0
174_7,0,1
5539_7,0,1
3384_10,1,1
3811_4,0,0
4079_8,1,1
1179_7,0,1
3069_9,1,1
3769_8,0,1
9247_10,1,1
10434_1,0,0
1147_10,1,1
5344_7,1,1
8073_10,1,1
7833_3,0,0
8370_1,0,0
9007_8,0,1
6624_7,1,1
6683_3,0,0
12275_7,1,1
11927_8,1,1
1560_10,1,1
1325_9,0,1
3548_8,0,1
607_1,0,0
6702_7,0,1
5702_3,0,0
11345_8,1,1
3428_4,1,0
7209_9,1,1
8425_8,1,1
3087_1,1,0
1119_8,0,1
5715_3,0,0
8645_1,0,0
2149_3,0,0
10403_10,0,1
5628_1,0,0
5570_10,1,1
1613_3,0,0
1454_4,1,0
5094_3,0,0
7982_1,0,0
6894_2,0,0
6554_1,0,0
4721_3,0,0
6904_4,0,0
893_8,1,1
4605_4,0,0
11516_7,1,1
11718_7,1,1
5956_1,0,0
7455_9,1,1
6396_4,1,0
1223_8,0,1
8556_1,0,0
6108_8,1,1
11690_1,0,0
3778_9,1,1
3627_4,0,0
8256_4,1,0
533_1,0,0
5235_4,0,0
621_2,0,0
5365_1,0,0
8180_3,0,0
7396_7,0,1
9776_10,1,1
8175_10,1,1
3128_1,0,0
4606_1,0,0
6158_2,0,0
3281_10,0,1
4723_4,0,0
11994_3,0,0
7701_1,0,0
103_3,0,0
8908_10,1,1
8876_1,0,0
7519_9,1,1
12456_8,0,1
9514_8,0,1
8680_8,0,1
12402_10,0,1
362_2,0,0
9825_7,1,1
2913_3,0,0
7164_8,0,1
11177_7,0,1
5707_10,1,1
8103_10,1,1
6289_1,0,0
11754_1,0,0
11640_10,1,1
9933_7,0,1
185_10,1,1
242_10,1,1
9369_8,0,1
7453_10,0,1
7514_7,0,1
10860_2,0,0
8663_8,0,1
9108_1,0,0
7941_1,0,0
10116_1,0,0
9841_4,0,0
4512_9,1,1
4853_2,0,0
2664_4,1,0
9966_10,0,1
5167_2,0,0
3894_2,0,0
3929_8,0,1
7165_10,1,1
5451_8,0,1
2947_4,1,0
4611_10,1,1
5807_1,0,0
9464_8,0,1
3124_10,1,1
2705_4,0,0
12187_8,1,1
12319_10,1,1
9874_3,0,0
3406_4,0,0
2327_10,1,1
605_10,1,1
8080_4,0,0
3074_10,1,1
2499_3,0,0
1013_1,0,0
11535_1,0,0
4118_7,1,1
10492_8,1,1
2129_4,0,0
9814_10,1,1
10671_9,0,1
5980_10,1,1
2755_2,0,0
5461_2,1,0
11979_1,0,0
8810_1,0,0
852_7,1,1
10961_4,0,0
7436_4,1,0
11281_3,1,0
4208_3,0,0
8213_10,0,1
9851_2,0,0
4713_7,0,1
9528_1,1,0
3595_10,1,1
5785_3,0,0
10370_3,0,0
1980_3,0,0
8800_4,1,0
4437_3,0,0
28_3,0,0
12171_1,0,0
9359_3,0,0
3831_9,1,1
10962_7,1,1
1500_9,0,1
11470_10,0,1
11843_3,0,0
11200_4,0,0
1067_1,0,0
3333_1,0,0
4487_4,1,0
6428_1,0,0
575_7,0,1
10904_9,0,1
11821_2,0,0
11605_1,0,0
1111_7,1,1
10295_1,0,0
1146_4,0,0
2405_9,0,1
11081_10,0,1
2201_10,1,1
4844_1,0,0
11007_8,1,1
6535_7,0,1
2653_4,0,0
8245_10,1,1
9951_8,0,1
6133_8,0,1
10006_2,0,0
7350_1,0,0
4509_9,1,1
948_1,0,0
3987_1,0,0
2947_10,0,1
6041_3,0,0
2946_1,0,0
11967_4,0,0
1185_10,1,1
10323_2,0,0
11706_2,0,0
3663_1,0,0
5602_10,1,1
4870_10,0,1
1994_1,0,0
10807_7,1,1
6871_3,1,0
1175_2,0,0
10919_7,1,1
8127_10,0,1
12497_4,0,0
3274_1,0,0
2568_3,0,0
840_2,0,0
5626_10,1,1
7561_10,0,1
4600_3,0,0
3324_9,0,1
8899_7,1,1
5592_8,1,1
12483_4,0,0
7874_1,0,0
5878_10,0,1
4303_9,1,1
9421_1,0,0
10269_4,0,0
10615_2,0,0
2634_10,1,1
7522_1,0,0
9289_10,0,1
4636_10,1,1
1241_7,1,1
9458_9,0,1
11690_10,1,1
7176_4,0,0
6212_10,1,1
6319_1,0,0
5229_3,0,0
466_9,1,1
8693_2,0,0
2952_10,1,1
1128_1,0,0
3975_10,1,1
11365_10,1,1
2074_9,1,1
9768_10,1,1
4895_1,0,0
5726_10,0,1
9993_10,1,1
11319_2,0,0
10561_2,0,0
5455_8,1,1
10684_3,0,0
3652_3,0,0
7825_1,0,0
8806_1,0,0
275_10,0,1
2246_1,0,0
11968_2,0,0
2528_1,0,0
8491_8,0,1
13_1,0,0
4530_8,1,1
5207_3,0,0
11648_10,1,1
8260_1,0,0
10730_10,1,1
10402_3,1,0
8077_1,0,0
8598_8,0,1
2809_3,0,0
12490_10,0,1
1447_9,1,1
1605_3,0,0
2311_4,0,0
3235_9,0,1
5725_10,0,1
9025_10,1,1
6049_9,0,1
4803_10,1,1
191_9,1,1
420_3,0,0
5238_2,0,0
1280_9,1,1
9408_4,0,0
819_1,0,0
1656_4,0,0
9964_3,0,0
10404_4,1,0
12369_10,1,1
6423_1,0,0
9942_8,0,1
1519_1,0,0
100_10,1,1
3216_10,1,1
3909_10,0,1
5034_7,1,1
14_8,1,1
5891_3,0,0
8496_10,1,1
7429_1,0,0
9457_1,0,0
9602_8,0,1
4198_1,0,0
154_2,0,0
5070_2,0,0
4207_8,0,1
7758_8,1,1
4439_9,1,1
12042_1,0,0
7244_1,0,0
6854_1,0,0
11932_10,1,1
4151_10,1,1
7265_1,0,0
10272_7,1,1
4256_4,0,0
1225_7,1,1
956_10,1,1
6389_2,0,0
1365_4,0,0
4752_7,1,1
276_10,1,1
8766_9,1,1
11225_10,1,1
6920_1,0,0
11536_1,0,0
1923_9,0,1
11460_10,0,1
10054_7,0,1
10845_1,0,0
10231_4,0,0
9430_8,1,1
3226_2,0,0
4298_3,0,0
10635_4,0,0
10567_4,0,0
5460_10,1,1
7310_7,1,1
10330_2,0,0
5151_9,1,1
11_3,1,0
1448_8,0,1
10130_8,1,1
2199_3,0,0
1761_10,0,1
2782_1,0,0
7618_10,1,1
85_10,1,1
5730_3,0,0
3641_1,0,0
8190_9,1,1
9533_10,1,1
9508_1,0,0
237_8,1,1
3981_7,0,1
7194_9,1,1
10584_8,0,1
248_2,0,0
8358_4,0,0
1218_1,0,0
4191_10,0,1
3090_8,1,1
11923_2,0,0
1640_8,1,1
9972_3,0,0
11818_4,1,0
4350_10,1,1
877_10,0,1
10017_8,1,1
7975_10,1,1
8436_1,0,0
6024_7,1,1
3112_1,0,0
951_10,1,1
1622_1,0,0
191_3,0,0
5669_1,0,0
1891_4,0,0
12173_9,0,1
7887_7,1,1
3256_10,0,1
5419_1,0,0
7635_1,0,0
8297_2,0,0
7137_8,0,1
7562_3,0,0
9944_1,0,0
4288_1,0,0
8087_1,0,0
4771_10,0,1
10482_10,1,1
5324_10,1,1
3080_1,0,0
10923_7,0,1
1753_7,1,1
317_10,0,1
12474_8,0,1
773_8,1,1
388_1,0,0
12141_2,0,0
5667_1,0,0
1071_9,1,1
2897_10,1,1
9481_4,0,0
12025_1,0,0
8879_7,0,1
5683_1,0,0
7026_1,0,0
2439_1,0,0
3631_7,0,1
1650_9,1,1
5378_7,1,1
9745_1,0,0
11563_8,1,1
299_8,1,1
9471_2,0,0
1866_1,0,0
2639_4,0,0
5122_1,0,0
12341_7,0,1
2936_8,1,1
8647_10,0,1
4255_9,1,1
7262_8,0,1
8413_10,1,1
10080_1,0,0
3973_1,0,0
8752_9,1,1
4018_2,0,0
7669_1,0,0
10421_4,0,0
7854_8,1,1
162_8,0,1
11614_9,0,1
11343_8,1,1
1708_7,0,1
7115_4,0,0
10498_10,0,1
2944_8,1,1
10474_3,0,0
1263_1,0,0
1693_4,0,0
9600_9,0,1
11173_2,0,0
3961_2,0,0
8011_1,0,0
7386_8,0,1
8787_8,1,1
12349_9,1,1
1776_4,0,0
5885_4,0,0
220_4,0,0
5547_8,0,1
2853_1,0,0
2157_2,0,0
11667_2,0,0
194_7,0,1
1633_1,0,0
6897_2,0,0
11568_2,0,0
9219_1,0,0
477_8,1,1
8980_3,1,0
4612_10,1,1
8030_10,1,1
1846_8,1,1
2786_8,1,1
2634_1,0,0
3110_8,0,1
11587_8,1,1
11262_8,1,1
5680_7,0,1
4583_4,0,0
1451_1,0,0
4244_4,0,0
6176_4,0,0
8851_10,1,1
908_9,0,1
7494_9,0,1
8061_3,0,0
789_1,0,0
2374_7,1,1
11225_3,0,0
4467_4,0,0
8516_10,0,1
4121_10,0,1
10267_7,0,1
6040_8,0,1
8338_7,1,1
2903_7,1,1
6662_9,1,1
5333_10,1,1
7470_4,0,0
8813_1,0,0
4514_3,1,0
9584_7,0,1
11706_8,1,1
11538_8,0,1
4210_1,0,0
8984_1,0,0
3431_4,0,0
4973_10,1,1
12260_1,0,0
4267_10,1,1
9906_9,1,1
670_7,1,1
6270_3,0,0
5164_4,0,0
9741_2,0,0
3761_8,0,1
2651_2,0,0
7448_10,1,1
7184_9,0,1
1313_9,1,1
10654_8,1,1
7151_1,0,0
2320_10,1,1
12033_7,0,1
6429_1,0,0
1420_4,1,0
3002_7,0,1
1299_1,0,0
7897_9,1,1
1529_4,0,0
9760_2,0,0
11318_1,0,0
2217_3,0,0
11641_2,0,0
7238_10,1,1
7710_8,1,1
12011_8,1,1
4495_7,1,1
11144_4,0,0
5625_2,0,0
2926_7,0,1
8538_8,1,1
8875_10,1,1
10881_10,1,1
1662_7,0,1
4560_9,1,1
6714_4,0,0
9059_10,1,1
6631_10,1,1
8520_1,0,0
918_4,1,0
3102_10,1,1
3611_2,0,0
8434_10,1,1
681_7,1,1
7386_4,0,0
7566_9,0,1
10110_10,1,1
10486_10,1,1
1492_3,0,0
11823_1,0,0
2331_9,1,1
2200_2,0,0
9547_1,0,0
785_2,0,0
5101_4,0,0
5657_10,0,1
6902_7,0,1
1490_9,1,1
7148_9,1,1
7387_8,0,1
8277_9,1,1
6912_7,0,1
170_2,0,0
7702_10,1,1
4393_3,0,0
2608_3,0,0
4931_8,1,1
10589_10,1,1
8623_4,0,0
6057_2,0,0
2704_9,1,1
1790_2,0,0
12370_1,0,0
159_1,0,0
343_9,0,1
2128_9,1,1
11181_8,1,1
11775_10,0,1
3514_10,0,1
6993_2,0,0
2866_9,0,1
1000_9,0,1
11772_7,0,1
3355_9,0,1
8519_8,0,1
7879_3,0,0
4332_10,0,1
5403_1,0,0
1514_7,0,1
7904_1,0,0
10550_2,0,0
11442_10,1,1
2821_3,0,0
5766_1,0,0
8061_9,1,1
2166_1,0,0
6206_1,0,0
11124_2,0,0
7625_10,0,1
90_9,1,1
7959_10,1,1
7029_10,0,1
779_8,1,1
1101_4,0,0
11189_4,0,0
9790_4,0,0
10861_1,0,0
5902_2,0,0
9545_10,0,1
3730_1,0,0
4951_9,0,1
3295_1,0,0
9495_2,0,0
2876_1,1,0
2796_1,0,0
10338_3,0,0
10913_7,0,1
4685_2,0,0
11586_1,0,0
4904_7,0,1
7110_7,1,1
2086_4,0,0
7372_7,0,1
135_9,1,1
7038_3,0,0
1119_2,0,0
5057_8,0,1
3479_10,1,1
6489_8,1,1
4910_8,1,1
5979_10,0,1
11304_1,0,0
2102_9,1,1
8048_1,0,0
12153_7,1,1
4832_8,0,1
3079_9,1,1
8254_2,0,0
7981_7,1,1
611_1,0,0
307_10,0,1
8861_3,0,0
4635_4,1,0
6197_7,1,1
6739_3,0,0
8588_9,1,1
8461_7,0,1
10089_1,0,0
2609_7,1,1
1418_3,0,0
2661_10,1,1
1253_9,0,1
8815_9,0,1
9867_8,1,1
2155_1,0,0
12259_4,0,0
11224_3,0,0
4781_1,0,0
4354_9,1,1
9629_9,0,1
3629_9,1,1
6445_10,1,1
9526_10,1,1
5138_2,0,0
349_10,1,1
2099_7,1,1
4411_1,0,0
8127_3,0,0
5225_8,1,1
7970_3,0,0
5688_7,0,1
12099_3,0,0
6020_4,0,0
3892_8,1,1
2098_8,1,1
4851_7,1,1
10967_10,1,1
6230_4,1,0
2211_2,0,0
11978_10,0,1
8802_1,0,0
11010_3,0,0
10083_2,0,0
5588_10,1,1
958_10,1,1
6771_4,0,0
6767_9,0,1
7302_10,1,1
5324_3,0,0
7737_10,1,1
8603_10,0,1
3029_7,1,1
8640_2,0,0
2139_1,0,0
6305_10,1,1
6884_7,1,1
5534_8,1,1
7619_8,1,1
10057_8,0,1
972_7,1,1
6245_8,0,1
6627_7,1,1
3621_10,0,1
2290_4,1,0
24_4,0,0
5689_1,0,0
6497_4,0,0
12405_4,1,0
11720_7,1,1
10088_1,0,0
9258_9,1,1
354_4,0,0
4770_10,1,1
1035_3,0,0
739_1,0,0
6267_7,1,1
1562_8,1,1
1438_1,0,0
281_8,1,1
1818_1,0,0
3943_3,0,0
8116_4,1,0
6984_1,0,0
5330_4,0,0
8821_8,1,1
10484_10,1,1
1886_4,0,0
7943_2,0,0
6438_7,1,1
8931_10,1,1
10538_10,1,1
534_10,1,1
7329_2,0,0
6614_2,0,0
710_10,1,1
3120_4,0,0
9046_1,0,0
5638_2,0,0
2455_4,0,0
2652_3,0,0
11006_4,1,0
5065_3,0,0
9805_10,1,1
7092_8,0,1
1735_10,1,1
3609_1,0,0
1201_10,1,1
11024_9,1,1
3807_10,1,1
4483_10,0,1
4510_7,1,1
8037_1,0,0
1760_1,0,0
133_8,0,1
9039_8,1,1
8462_4,0,0
2468_10,1,1
7684_3,0,0
10350_9,1,1
1199_10,1,1
8560_1,0,0
6405_3,0,0
1295_1,0,0
6420_1,0,0
12183_9,0,1
11619_1,0,0
1415_9,1,1
9414_1,0,0
7640_4,0,0
9211_9,0,1
557_9,1,1
4501_9,1,1
8711_10,0,1
2402_1,0,0
4586_10,0,1
176_3,0,0
3545_1,0,0
8932_1,0,0
5829_10,0,1
3409_10,1,1
3636_3,0,0
12048_7,1,1
10468_10,1,1
11546_10,1,1
9444_10,1,1
6275_1,0,0
152_4,0,0
4767_9,0,1
6751_1,0,0
10245_4,0,0
5407_8,0,1
1923_1,0,0
515_9,0,1
9988_1,1,0
5928_8,1,1
10163_4,0,0
7969_10,0,1
1494_4,0,0
11211_10,1,1
1957_1,0,0
8484_7,0,1
848_2,0,0
5177_1,0,0
10667_10,1,1
3075_1,0,0
9443_10,0,1
1572_8,1,1
11285_8,0,1
3125_1,0,0
9265_9,1,1
4072_1,0,0
6390_2,0,0
6496_4,0,0
8766_2,0,0
7787_10,1,1
5897_10,1,1
9027_1,0,0
1538_2,0,0
1220_3,0,0
8600_3,0,0
11432_2,0,0
1424_4,0,0
7344_10,1,1
10842_1,0,0
10332_10,1,1
4340_4,0,0
4868_4,0,0
11216_9,0,1
12027_10,0,1
6785_7,1,1
8773_8,1,1
8119_4,0,0
10138_10,1,1
7197_2,0,0
1536_3,0,0
9981_7,1,1
4753_1,0,0
2795_7,0,1
6672_4,0,0
10805_7,0,1
5866_1,0,0
570_1,0,0
11965_8,0,1
3288_1,0,0
8135_1,0,0
10094_9,1,1
5845_10,1,1
3570_8,1,1
1240_1,0,0
231_1,0,0
10628_9,1,1
3536_1,0,0
1852_10,1,1
8202_7,0,1
5907_7,1,1
1759_10,0,1
4492_10,1,1
4844_7,0,1
3189_10,0,1
3403_10,0,1
5874_2,0,0
7809_10,1,1
3632_9,1,1
11767_2,1,0
9925_3,0,0
4218_1,0,0
12036_7,0,1
8973_2,0,0
2464_10,1,1
4094_1,0,0
10592_1,0,0
10648_9,1,1
3887_10,1,1
9092_8,0,1
10666_10,1,1
8389_10,1,1
5281_10,1,1
6946_1,0,0
1132_1,0,0
10052_4,0,0
768_10,1,1
5432_3,0,0
7424_3,0,0
2366_2,0,0
2865_3,0,0
7806_2,0,0
8878_3,0,0
6298_7,1,1
4517_4,0,0
12018_10,1,1
3662_1,0,0
11393_10,0,1
2071_10,1,1
8217_8,1,1
6568_2,0,0
3840_10,1,1
1666_3,0,0
2360_7,0,1
5778_4,0,0
5341_4,0,0
4044_2,0,0
2503_3,0,0
4095_10,0,1
2092_2,0,0
2707_3,0,0
573_10,0,1
6441_7,0,1
7565_3,0,0
9499_7,1,1
657_10,1,1
8840_10,0,1
1407_4,0,0
12453_2,0,0
8273_9,1,1
8366_7,1,1
10643_9,0,1
9998_1,0,0
1385_1,0,0
1354_4,0,0
4674_7,1,1
3515_4,0,0
10426_8,0,1
10226_3,0,0
10391_4,0,0
9968_1,0,0
2893_3,0,0
2546_9,0,1
37_1,0,0
1757_10,1,1
1569_8,1,1
1466_3,0,0
7783_1,0,0
9506_10,1,1
10835_3,0,0
2917_9,0,1
2495_7,1,1
1686_10,0,1
2414_7,0,1
5318_8,1,1
8858_8,1,1
8112_1,0,0
6532_2,0,0
2526_10,1,1
11089_7,1,1
4297_8,1,1
3179_9,1,1
5832_10,1,1
10539_8,0,1
9226_10,0,1
9878_1,0,0
7940_10,1,1
7195_10,0,1
2979_1,0,0
3597_10,1,1
2931_8,0,1
8571_10,0,1
12148_1,0,0
4047_2,0,0
6164_10,1,1
2214_8,1,1
5903_1,0,0
7931_9,1,1
1205_3,0,0
5983_10,1,1
10424_7,0,1
11032_7,1,1
1303_10,0,1
10390_1,0,0
8349_2,0,0
3605_8,1,1
12273_1,0,0
60_1,0,0
3879_9,0,1
12431_4,0,0
4499_2,0,0
5786_10,0,1
5521_4,0,0
793_8,0,1
7948_3,0,0
9022_2,0,0
11071_1,0,0
4991_3,0,0
8226_1,0,0
8762_3,0,0
6918_4,1,0
844_10,0,1
11503_8,0,1
7406_8,1,1
7743_1,0,0
514_3,0,0
10927_9,1,1
3731_7,1,1
8870_4,0,0
11099_10,1,1
8456_10,0,1
10944_7,0,1
7168_3,0,0
3378_10,0,1
8203_3,1,0
5676_1,0,0
5061_9,0,1
6238_8,0,1
1136_8,1,1
6234_3,0,0
9510_3,0,0
9632_7,0,1
4357_1,0,0
1176_9,1,1
10821_8,1,1
4143_4,0,0
5074_8,0,1
11673_1,0,0
11072_2,0,0
1816_4,0,0
3974_7,0,1
796_4,0,0
8540_2,0,0
10959_8,1,1
4576_10,0,1
7030_1,0,0
3340_10,1,1
3223_3,0,0
3030_1,0,0
4194_1,0,0
11322_1,0,0
1785_1,0,0
7109_2,0,0
4120_1,0,0
3024_7,1,1
589_2,0,0
2480_10,0,1
4878_1,0,0
571_1,1,0
12156_8,1,1
7547_9,1,1
6577_10,1,1
7101_3,0,0
1731_3,0,0
10424_1,0,0
9056_10,1,1
11959_3,0,0
6952_4,0,0
8709_10,0,1
4716_10,1,1
2393_10,1,1
4007_7,0,1
1196_2,0,0
8483_1,0,0
1840_3,0,0
6108_1,0,0
4621_8,0,1
11332_4,1,0
8800_10,1,1
886_7,1,1
6495_8,0,1
6193_10,0,1
10297_1,0,0
4233_1,0,0
3121_10,1,1
1681_10,1,1
5789_1,0,0
6446_10,1,1
479_9,1,1
6401_1,0,0
7602_1,0,0
10792_1,0,0
11436_9,1,1
6944_1,0,0
6275_9,0,1
7314_10,1,1
8887_9,1,1
1835_8,1,1
8403_7,1,1
2090_1,0,0
12310_1,0,0
9795_9,1,1
4260_1,0,0
3214_4,0,0
10974_8,1,1
3374_10,0,1
2251_2,0,0
2325_7,0,1
28_9,0,1
1758_2,0,0
1222_8,0,1
1229_4,0,0
9791_2,0,0
3433_4,0,0
10847_10,1,1
5020_2,0,0
9652_3,0,0
1739_10,0,1
10441_4,1,0
9002_7,1,1
4304_8,0,1
290_9,1,1
1339_8,0,1
10899_1,0,0
8723_8,1,1
12487_7,1,1
10384_7,1,1
4673_4,0,0
11679_1,0,0
3938_2,0,0
2253_10,1,1
198_7,1,1
3346_3,0,0
11543_3,0,0
8463_1,0,0
1297_2,0,0
4689_1,0,0
4681_1,0,0
961_8,0,1
9865_2,0,0
770_3,0,0
10495_2,0,0
6302_8,1,1
6232_4,0,0
10098_1,0,0
8905_2,0,0
8853_10,1,1
6081_10,1,1
12_4,0,0
1291_7,1,1
1679_1,0,0
996_7,1,1
3343_10,1,1
6083_10,1,1
98_9,1,1
962_4,0,0
4857_8,0,1
12394_7,1,1
1321_10,1,1
8994_10,1,1
7788_1,0,0
9708_8,0,1
9523_1,0,0
11785_4,0,0
5440_1,0,0
1091_7,1,1
11584_10,0,1
5369_3,0,0
3165_10,1,1
3686_10,1,1
7069_10,0,1
427_3,0,0
895_8,1,1
4565_8,0,1
5139_9,1,1
5027_1,0,0
503_9,0,1
7630_1,0,0
8552_1,0,0
4322_3,0,0
3492_3,1,0
5301_4,0,0
752_4,0,0
4307_2,0,0
4901_10,1,1
233_2,0,0
10789_8,1,1
270_8,1,1
11442_1,0,0
3688_7,0,1
9928_7,1,1
6563_8,1,1
3437_7,1,1
10495_8,1,1
8775_10,1,1
12172_3,0,0
10085_10,0,1
8394_9,0,1
2607_10,0,1
6645_10,0,1
301_10,1,1
2153_10,1,1
1967_3,0,0
9604_10,0,1
10665_10,1,1
5409_1,0,0
6707_10,1,1
3847_7,0,1
9261_10,1,1
3772_1,0,0
8950_1,0,0
6591_2,0,0
2765_9,0,1
4166_10,0,1
11418_3,0,0
7137_3,0,0
3710_2,0,0
1153_4,1,0
4155_8,1,1
9221_10,1,1
8917_10,0,1
6066_4,0,0
5366_10,1,1
2520_9,1,1
11677_2,0,0
4032_2,0,0
4041_2,0,0
474_4,0,0
6392_2,0,0
6545_10,0,1
5009_10,0,1
3060_10,0,1
11033_10,1,1
297_10,1,1
9099_1,0,0
10496_10,0,1
5619_3,0,0
4226_1,0,0
10483_8,1,1
1966_9,1,1
4024_2,0,0
6448_9,1,1
4252_1,0,0
250_10,1,1
10753_3,0,0
1005_7,0,1
4415_9,1,1
240_4,1,0
108_10,1,1
1393_1,0,0
4236_2,0,0
9208_2,0,0
7156_10,1,1
6490_1,0,0
3518_3,0,0
10308_1,0,0
8706_2,0,0
8674_10,0,1
8240_10,1,1
11890_10,0,1
976_3,0,0
5025_8,1,1
10206_8,1,1
11921_3,0,0
8344_7,1,1
295_8,1,1
2121_1,0,0
6978_8,1,1
707_3,0,0
751_1,0,0
1931_10,1,1
7197_10,1,1
11032_3,0,0
416_10,1,1
1384_2,0,0
4114_2,0,0
9450_10,0,1
6877_7,1,1
5092_9,1,1
3402_9,1,1
9517_10,1,1
8566_2,0,0
4493_1,0,0
842_1,0,0
4926_1,0,0
3398_9,0,1
8857_10,0,1
3696_9,1,1
1952_1,0,0
5516_3,0,0
3297_10,1,1
8396_2,0,0
1928_4,0,0
7216_10,1,1
1648_3,0,0
9312_8,1,1
4392_2,0,0
4740_9,0,1
2985_4,0,0
6407_10,0,1
4015_1,0,0
911_10,1,1
7898_1,0,0
5241_10,1,1
4955_4,0,0
4199_1,0,0
8319_4,0,0
6340_1,0,0
2003_1,0,0
11213_3,0,0
5109_4,0,0
9400_1,1,0
10719_7,1,1
6848_8,0,1
11398_1,0,0
2606_7,1,1
5646_1,0,0
4103_10,0,1
8906_9,1,1
6997_10,1,1
9990_1,0,0
6573_1,0,0
8530_10,0,1
8382_9,1,1
4207_2,0,0
8794_10,0,1
917_9,1,1
10739_9,1,1
4286_1,0,0
1763_1,0,0
5173_10,1,1
1764_1,0,0
3614_3,0,0
3880_10,1,1
4059_1,0,0
8786_8,0,1
9553_2,0,0
10599_8,0,1
1048_4,0,0
8136_7,1,1
8715_8,1,1
7667_7,0,1
5647_2,0,0
6267_1,0,0
12444_10,1,1
7390_10,1,1
7260_7,1,1
6170_10,0,1
2181_2,0,0
6196_7,1,1
12058_9,0,1
8915_7,0,1
6816_10,1,1
730_9,0,1
5808_10,1,1
6256_2,0,0
5157_4,0,0
7970_10,0,1
6991_7,1,1
7112_4,1,0
12136_4,0,0
1554_8,1,1
8289_4,0,0
12452_8,1,1
6181_8,1,1
6237_8,1,1
9724_10,0,1
7991_1,0,0
8185_4,0,0
12162_1,0,0
8330_9,0,1
84_3,0,0
4879_4,0,0
1173_7,1,1
11095_2,0,0
9934_8,0,1
10791_9,1,1
5260_10,1,1
3123_3,0,0
7500_1,0,0
9472_8,0,1
6349_9,1,1
8706_8,1,1
12385_4,0,0
12409_4,0,0
809_10,1,1
11380_2,0,0
4975_8,1,1
5069_3,0,0
8132_7,1,1
5628_10,1,1
12329_8,0,1
8217_3,0,0
251_2,0,0
2901_7,1,1
4588_1,0,0
2647_10,1,1
6020_9,1,1
7171_3,0,0
5880_10,1,1
4842_9,1,1
10657_10,1,1
11858_7,1,1
4656_4,0,0
9293_10,1,1
10702_10,1,1
6277_10,0,1
7223_10,0,1
11150_8,1,1
4768_9,1,1
5703_8,1,1
9249_9,1,1
12051_10,1,1
5740_4,0,0
4882_3,0,0
11575_10,1,1
385_1,0,0
1569_3,0,0
7449_1,0,0
1977_4,0,0
6134_7,1,1
2384_8,1,1
2437_10,0,1
643_7,1,1
7334_10,1,1
12228_9,1,1
8579_2,0,0
4093_4,0,0
233_8,1,1
11852_7,0,1
11027_4,1,0
5409_7,0,1
9332_10,1,1
6530_9,1,1
7815_1,0,0
8317_10,0,1
5382_9,1,1
3183_3,0,0
4997_8,0,1
11553_7,0,1
718_3,0,0
7128_9,1,1
11977_1,0,0
10820_3,0,0
3539_9,1,1
2386_1,0,0
9837_4,0,0
2941_1,0,0
6669_1,0,0
10927_1,0,0
57_10,1,1
12252_2,0,0
8926_3,0,0
3044_2,0,0
9758_10,0,1
4584_10,1,1
1467_1,0,0
7846_9,1,1
1982_8,1,1
5705_1,0,0
9754_7,0,1
9594_1,0,0
7405_10,1,1
8469_2,0,0
3713_10,1,1
3381_10,0,1
1913_10,0,1
9423_8,0,1
115_9,0,1
9784_10,1,1
1148_4,0,0
2911_10,0,1
11328_9,1,1
5087_1,0,0
3983_10,0,1
5216_1,0,0
7961_10,0,1
10134_7,1,1
9379_2,0,0
4715_1,0,0
6501_10,1,1
4146_4,0,0
12159_1,0,0
11661_10,0,1
7995_2,0,0
693_9,1,1
1411_10,1,1
7091_7,1,1
2576_1,0,0
8207_1,0,0
10877_10,1,1
5444_10,1,1
9409_1,0,0
10020_1,0,0
2349_8,0,1
4942_10,1,1
2839_1,0,0
9419_1,0,0
10661_1,0,0
5659_10,1,1
639_7,1,1
5946_7,0,1
7231_7,1,1
4220_4,0,0
3698_4,0,0
1060_2,0,0
2398_3,0,0
11073_3,0,0
8336_2,0,0
5975_3,0,0
4727_1,0,0
1596_8,1,1
5471_2,0,0
11204_10,1,1
8810_10,0,1
11125_3,0,0
9607_10,1,1
6517_3,0,0
10232_1,0,0
7708_10,1,1
1753_1,0,0
10946_7,1,1
668_4,0,0
3794_4,0,0
6867_1,0,0
9428_7,0,1
12366_9,1,1
12056_9,0,1
901_1,0,0
7714_8,1,1
6389_8,1,1
4148_7,1,1
5062_1,0,0
6835_1,0,0
2901_3,0,0
4724_10,1,1
764_2,1,0
6729_1,0,0
8284_4,0,0
11928_1,0,0
386_1,0,0
35_9,1,1
4458_4,0,0
9627_2,0,0
8112_9,0,1
6026_8,1,1
12188_3,0,0
3477_3,0,0
12242_8,0,1
11594_4,0,0
11360_10,1,1
10299_1,0,0
3829_10,1,1
8324_2,0,0
1285_9,1,1
11370_10,1,1
8051_4,0,0
4420_10,1,1
3843_7,1,1
10520_2,0,0
12146_8,1,1
1502_10,0,1
6227_4,0,0
3191_10,0,1
4569_2,0,0
7647_8,0,1
6372_9,0,1
2105_2,0,0
4180_1,0,0
11212_10,1,1
1811_9,1,1
2868_3,0,0
3773_3,0,0
8386_1,0,0
1072_8,1,1
10588_1,0,0
8858_1,0,0
10831_1,0,0
11926_8,0,1
11521_10,1,1
4037_10,1,1
5119_7,0,1
11438_9,1,1
8275_2,0,0
4879_8,1,1
4520_10,1,1
2510_7,1,1
510_2,0,0
1283_1,0,0
3733_8,1,1
7708_1,0,0
12219_1,0,0
11654_4,0,0
3229_7,0,1
3579_8,0,1
1534_4,0,0
7498_10,1,1
11392_10,1,1
2949_1,0,0
407_7,1,1
12388_3,0,0
7779_3,0,0
12409_10,1,1
199_8,1,1
9330_1,0,0
6196_2,1,0
1576_2,0,0
12123_4,0,0
871_1,0,0
867_9,1,1
12186_1,0,0
11357_1,0,0
9327_4,0,0
3092_8,1,1
6097_1,0,0
4170_4,0,0
3724_3,1,0
4219_1,1,0
12233_10,1,1
12050_9,1,1
124_10,1,1
9521_9,0,1
7991_10,0,1
12284_1,0,0
8452_10,1,1
986_3,0,0
8504_8,1,1
9427_7,1,1
2359_3,0,0
7026_10,1,1
8726_8,0,1
4971_1,0,0
2990_1,0,0
5285_2,0,0
9953_10,1,1
2170_8,1,1
10963_8,0,1
9176_8,1,1
9639_7,1,1
1781_1,0,0
1293_10,1,1
10225_10,1,1
3821_1,0,0
1206_10,1,1
5513_1,0,0
12475_2,1,0
11508_9,1,1
6358_4,0,0
9646_1,0,0
7957_9,0,1
5183_9,1,1
8322_10,0,1
4171_1,0,0
6498_2,0,0
11893_1,0,0
8209_10,1,1
4866_3,0,0
1077_3,0,0
10916_7,0,1
6027_4,0,0
9308_7,0,1
7130_1,0,0
3326_4,0,0
6680_3,0,0
1707_8,0,1
5106_1,0,0
1408_10,1,1
6773_8,1,1
940_3,0,0
10890_10,1,1
3678_10,1,1
6871_9,1,1
10196_8,1,1
12369_1,0,0
4070_10,1,1
11755_7,1,1
9095_3,0,0
10863_1,0,0
7109_7,1,1
1844_3,0,0
8228_2,0,0
9631_4,0,0
3920_4,0,0
19_1,0,0
3929_2,1,0
1506_2,0,0
6877_3,0,0
12154_7,0,1
6572_3,0,0
1557_2,0,0
11836_7,0,1
9380_9,0,1
11725_4,0,0
6317_9,1,1
5022_1,0,0
132_1,0,0
9303_8,1,1
4739_10,0,1
11228_10,1,1
7913_1,0,0
1304_3,0,0
2725_10,1,1
8484_2,0,0
1866_9,1,1
12446_9,1,1
11406_1,0,0
7056_4,1,0
8615_10,1,1
12284_10,0,1
3279_9,1,1
9243_1,0,0
11_8,0,1
427_10,0,1
5446_7,1,1
846_7,1,1
2545_4,0,0
8635_10,1,1
4410_8,1,1
875_10,1,1
392_2,0,0
8819_3,0,0
12202_1,0,0
1370_4,1,0
340_2,0,0
179_1,0,0
11332_8,1,1
10396_4,0,0
8321_1,0,0
6384_3,0,0
5951_9,1,1
8137_1,0,0
12009_10,1,1
2103_8,0,1
11153_2,0,0
4945_10,0,1
3193_3,0,0
921_9,1,1
10446_10,1,1
9961_9,1,1
11420_4,0,0
6954_2,0,0
8430_2,1,0
6749_3,0,0
5997_7,0,1
7611_7,0,1
6292_8,1,1
11314_1,0,0
5143_2,0,0
9517_2,0,0
8259_2,0,0
5114_8,1,1
3574_9,1,1
11464_3,0,0
11457_10,1,1
2496_3,0,0
6795_1,0,0
1904_2,0,0
11524_2,0,0
8223_1,0,0
5566_3,0,0
3550_7,1,1
6059_10,1,1
4580_10,0,1
177_1,0,0
8790_8,1,1
7784_1,0,0
11892_1,0,0
6235_10,0,1
6493_4,0,0
764_8,1,1
4052_7,1,1
1663_1,0,0
10437_1,0,0
1009_3,0,0
11664_4,0,0
8909_10,1,1
9200_3,0,0
7919_9,1,1
8603_1,0,0
6976_2,0,0
4261_1,0,0
6636_1,0,0
10707_9,1,1
1155_7,1,1
7050_4,1,0
1360_3,0,0
8176_7,1,1
3301_8,0,1
6684_3,0,0
2742_3,0,0
7159_4,0,0
8944_3,0,0
2077_4,0,0
7145_10,1,1
6216_7,1,1
8606_9,1,1
10608_10,0,1
8441_4,0,0
1782_8,0,1
10939_8,0,1
2702_7,1,1
9210_1,0,0
9075_8,1,1
3412_3,0,0
2859_8,1,1
6326_4,0,0
94_2,0,0
3691_10,1,1
2679_9,1,1
1568_4,1,0
3540_9,1,1
3710_10,1,1
5691_1,0,0
9699_10,0,1
9207_4,0,0
286_1,0,0
10891_1,0,0
6177_8,1,1
9817_2,0,0
8871_9,1,1
290_1,0,0
8388_9,1,1
9195_7,1,1
1164_9,0,1
2332_8,0,1
5406_7,1,1
2476_3,0,0
11381_3,0,0
6518_10,1,1
3474_1,0,0
603_8,0,1
5448_4,0,0
3624_8,1,1
11569_1,0,0
9353_8,1,1
3119_2,0,0
382_4,0,0
8569_8,1,1
2312_10,1,1
7531_1,0,0
7150_4,0,0
5496_8,1,1
1979_1,0,0
4158_2,0,0
4790_7,1,1
11971_1,0,0
197_10,1,1
3453_8,0,1
915_4,0,0
6991_2,0,0
7524_9,1,1
7474_4,0,0
284_2,0,0
12483_7,0,1
1141_10,1,1
7739_1,0,0
6488_3,0,0
3117_1,0,0
6224_8,0,1
9737_4,0,0
2399_10,1,1
1044_8,0,1
1153_8,1,1
11664_9,1,1
10015_4,1,0
7622_1,0,0
8743_10,1,1
356_3,0,0
838_7,0,1
4922_10,1,1
3623_10,1,1
9424_1,0,0
8473_4,0,0
9996_10,1,1
11242_2,1,0
11889_10,0,1
11131_10,1,1
386_10,1,1
6534_8,1,1
11420_7,0,1
3119_9,1,1
2708_2,0,0
2817_10,1,1
9425_7,1,1
11019_2,0,0
1747_1,0,0
4493_9,0,1
4728_1,0,0
6856_2,0,0
10273_1,0,0
4822_8,1,1
10475_10,0,1
2678_3,0,0
9979_8,1,1
8090_1,0,0
10022_4,0,0
5137_1,0,0
6787_10,1,1
4027_9,1,1
208_10,0,1
569_7,1,1
761_10,1,1
2603_9,0,1
11692_9,1,1
4374_2,0,0
5581_10,1,1
10601_1,0,0
637_3,0,0
10238_2,0,0
6717_1,0,0
9145_10,1,1
1047_4,0,0
6173_1,0,0
985_10,1,1
4964_1,0,0
7104_1,0,0
6293_3,1,0
9060_3,0,0
1894_4,1,0
4650_10,0,1
12475_8,1,1
7563_9,1,1
10996_9,1,1
8315_4,0,0
710_3,0,0
3856_7,1,1
10613_8,1,1
12141_9,1,1
4666_1,0,0
292_3,0,0
3316_7,0,1
10482_4,0,0
9703_1,0,0
6905_9,1,1
9138_10,0,1
10417_2,0,0
7977_1,0,0
9350_8,1,1
4514_10,1,1
3964_4,1,0
6014_4,1,0
10198_2,0,0
9059_1,0,0
11254_10,0,1
2032_7,0,1
6895_7,0,1
6921_2,0,0
9174_8,1,1
367_8,1,1
11410_7,0,1
9387_7,0,1
2227_10,1,1
334_2,0,0
334_9,0,1
10893_8,1,1
9414_10,1,1
9725_1,0,0
10779_9,1,1
8654_8,0,1
9032_7,1,1
9775_4,0,0
7687_1,0,0
12206_4,0,0
7720_8,1,1
6774_9,0,1
12469_1,0,0
7249_2,0,0
5146_3,0,0
8629_7,0,1
5292_3,1,0
8937_7,1,1
9221_4,0,0
3203_8,1,1
6964_2,0,0
6120_8,1,1
6962_9,1,1
4139_1,0,0
3957_4,0,0
9305_3,0,0
6863_1,0,0
2164_4,0,0
12378_7,0,1
10834_10,1,1
633_10,1,1
10071_8,0,1
8167_1,0,0
4232_9,1,1
6710_8,0,1
6055_1,0,0
8169_8,1,1
10291_9,1,1
8149_10,0,1
2499_10,1,1
4370_2,0,0
4031_1,0,0
11372_3,0,0
9619_1,0,0
8822_4,0,0
7096_10,1,1
7009_10,0,1
2442_10,1,1
442_10,1,1
4783_1,0,0
11837_9,1,1
5214_8,1,1
134_8,1,1
10948_1,0,0
3011_7,1,1
4339_4,0,0
9638_3,0,0
7186_7,1,1
7702_2,0,0
6586_8,1,1
2420_8,1,1
1911_8,0,1
4707_4,0,0
3954_10,0,1
12071_3,0,0
10010_9,1,1
8844_2,0,0
12312_1,0,0
4874_1,0,0
7270_7,0,1
3497_1,0,0
9928_3,0,0
11109_1,0,0
9016_8,0,1
1125_10,0,1
9695_8,1,1
5756_9,1,1
11452_2,0,0
8488_4,0,0
9825_2,0,0
7054_7,0,1
4359_10,0,1
11411_8,0,1
9618_8,1,1
12226_4,1,0
7752_10,1,1
9274_3,0,0
12069_10,1,1
4591_2,0,0
6065_8,1,1
2344_10,0,1
10299_10,1,1
8934_9,1,1
5041_8,1,1
3885_7,0,1
3994_8,0,1
11907_9,1,1
10181_10,1,1
2714_9,0,1
1571_8,1,1
6621_4,0,0
1062_2,0,0
379_10,0,1
62_8,1,1
1926_8,0,1
3428_7,1,1
2175_8,0,1
2006_10,1,1
8633_7,0,1
12158_2,0,0
11572_8,1,1
8859_10,1,1
10919_2,0,0
4131_3,0,0
6893_1,0,0
9217_1,0,0
1893_2,0,0
1719_2,0,0
5107_4,0,0
2284_3,0,0
1430_10,1,1
5207_10,0,1
2800_8,1,1
7550_1,0,0
9035_9,0,1
11548_10,1,1
6037_4,0,0
518_4,0,0
12237_2,0,0
10266_7,1,1
12032_1,0,0
2494_4,0,0
8062_3,0,0
4665_1,0,0
6082_8,1,1
7225_4,1,0
9080_1,0,0
9606_4,0,0
494_2,0,0
6274_10,1,1
4170_9,0,1
9218_10,1,1
10377_8,0,1
10597_10,0,1
958_4,0,0
9958_4,0,0
129_9,1,1
2804_9,1,1
8935_1,0,0
12229_3,0,0
5048_4,0,0
6509_4,0,0
1812_8,1,1
5695_1,0,0
2021_10,1,1
9892_2,0,0
9239_10,0,1
5398_2,0,0
4458_7,0,1
11730_8,1,1
9853_1,0,0
2258_10,1,1
9345_10,1,1
64_3,0,0
10423_9,0,1
2220_9,1,1
192_10,1,1
12143_9,1,1
2113_7,1,1
5294_10,1,1
7025_9,1,1
6300_3,1,0
8043_2,0,0
6628_1,0,0
12138_3,0,0
1333_7,0,1
10515_3,0,0
11949_9,1,1
2854_1,0,0
142_8,1,1
3706_1,0,0
6149_10,1,1
8429_3,0,0
6151_10,1,1
4861_8,0,1
8764_9,1,1
540_1,0,0
10693_1,0,0
2346_4,0,0
1532_4,0,0
1099_2,0,0
3818_10,1,1
2617_10,1,1
1709_1,0,0
4649_10,0,1
4085_10,1,1
4478_9,1,1
1032_10,1,1
3642_7,0,1
5656_8,0,1
11916_3,0,0
6672_10,0,1
4225_7,0,1
996_3,0,0
7421_10,1,1
9431_7,0,1
11121_9,1,1
5054_8,1,1
9187_8,0,1
9096_7,0,1
10318_8,1,1
5348_2,1,0
6666_8,1,1
6648_9,1,1
1405_10,0,1
8981_4,1,0
10248_9,0,1
4101_8,1,1
3076_4,0,0
1598_1,0,0
8430_10,1,1
9999_1,0,0
805_1,0,0
7821_7,1,1
10849_10,1,1
8400_7,1,1
4807_4,0,0
8353_4,0,0
10445_10,1,1
7058_2,0,0
9715_2,0,0
10934_3,0,0
8215_10,1,1
7268_10,0,1
5521_8,0,1
8565_1,0,0
8197_3,0,0
12004_9,1,1
10257_3,0,0
6260_2,0,0
10481_9,1,1
7598_2,0,0
8106_10,0,1
8049_3,0,0
7124_2,0,0
3858_1,0,0
1445_9,1,1
6346_1,0,0
678_7,1,1
10247_1,0,0
1287_8,1,1
11873_1,0,0
7198_1,0,0
3237_7,0,1
2029_8,0,1
26_10,1,1
9153_1,0,0
12004_2,0,0
4105_10,1,1
1168_10,1,1
5312_4,0,0
2907_1,0,0
7247_9,1,1
107_10,0,1
412_2,1,0
2078_4,0,0
7997_9,0,1
12397_10,0,1
10052_7,1,1
6559_7,0,1
12143_4,0,0
3496_7,0,1
3569_10,0,1
9270_10,0,1
2811_3,1,0
9673_7,0,1
325_1,0,0
11741_3,0,0
10562_7,1,1
5687_9,0,1
4601_4,0,0
5698_8,0,1
11257_4,0,0
4391_1,0,0
4703_10,1,1
12191_3,0,0
113_8,1,1
9831_1,0,0
7388_7,1,1
1661_10,1,1
3703_2,0,0
6077_2,0,0
935_4,0,0
7617_7,1,1
7387_3,0,0
7889_7,0,1
803_3,0,0
9557_9,1,1
4299_10,1,1
6785_3,0,0
5185_7,1,1
9590_1,0,0
10811_9,1,1
34_1,0,0
12221_2,0,0
6436_10,0,1
8299_2,0,0
7242_9,1,1
3247_10,1,1
8466_3,0,0
5784_9,1,1
794_7,1,1
4986_3,0,0
7786_7,1,1
9324_10,0,1
2095_9,1,1
10798_1,0,0
4193_1,0,0
12063_10,1,1
3976_7,1,1
8657_1,0,0
2850_4,0,0
4522_7,1,1
6028_1,0,0
6000_4,0,0
8712_1,0,0
3969_8,0,1
4245_4,0,0
3873_7,0,1
68_9,1,1
890_9,1,1
5922_1,0,0
2582_2,0,0
5704_4,0,0
9307_8,1,1
4114_8,0,1
5540_7,1,1
157_10,0,1
748_1,0,0
7045_1,0,0
9526_3,0,0
6519_2,0,0
11254_4,0,0
9498_1,0,0
7192_8,1,1
2388_1,0,0
12002_8,1,1
8394_1,0,0
10656_8,1,1
7261_9,1,1
10434_8,1,1
139_9,0,1
4538_1,0,0
4038_2,0,0
12228_4,0,0
3619_8,1,1
10411_3,0,0
7278_1,0,0
2304_3,0,0
5636_3,0,0
8833_9,0,1
504_1,0,0
12313_1,0,0
11161_1,0,0
72_4,0,0
4976_1,0,0
10018_8,0,1
12142_8,0,1
4821_8,1,1
9058_2,0,0
6347_1,0,0
3346_8,0,1
1481_10,0,1
10178_1,0,0
2851_8,0,1
12095_3,0,0
11978_3,0,0
7172_9,1,1
8450_1,0,0
7464_1,0,0
12327_1,0,0
5622_4,0,0
9170_3,1,0
10955_10,0,1
6161_2,0,0
11222_10,1,1
3844_7,1,1
11443_3,0,0
4004_7,0,1
11015_10,1,1
3860_1,0,0
11600_2,0,0
6849_8,0,1
1966_1,0,0
4828_8,0,1
675_8,1,1
9068_7,0,1
5924_8,1,1
10733_10,1,1
8369_7,1,1
5213_4,1,0
2558_4,0,0
47_10,1,1
2601_10,0,1
7360_9,1,1
1289_1,0,0
9875_4,0,0
2449_1,0,0
10020_8,1,1
6761_3,1,0
7544_10,1,1
4380_3,0,0
3946_10,1,1
6968_10,0,1
3006_2,0,0
11942_1,0,0
2715_9,1,1
6065_4,1,0
6866_1,0,0
6620_10,1,1
3177_1,0,0
4051_10,0,1
880_3,0,0
6504_1,0,0
12193_3,0,0
8570_3,0,0
8025_1,0,0
12316_1,0,0
10842_10,1,1
2066_10,1,1
4416_10,0,1
5327_1,0,0
3500_1,0,0
4072_7,0,1
5833_7,0,1
2989_8,0,1
1905_8,1,1
5421_1,0,0
1479_8,1,1
5092_1,0,0
4840_1,0,0
54_10,1,1
9203_9,0,1
3949_2,0,0
3615_1,0,0
8748_10,1,1
108_2,0,0
2280_4,1,0
6454_3,0,0
4071_1,0,0
2022_9,1,1
2600_1,0,0
2482_10,0,1
7347_9,1,1
7190_4,0,0
7174_7,1,1
5823_3,0,0
8051_10,1,1
7503_2,0,0
2341_1,0,0
516_9,0,1
8309_4,0,0
10789_4,0,0
11286_1,0,0
4770_1,0,0
7262_4,1,0
11636_9,0,1
2340_1,0,0
3407_3,0,0
2922_9,1,1
9708_2,0,0
2362_3,0,0
3729_8,1,1
2265_9,1,1
1439_1,0,0
8020_2,0,0
5581_2,0,0
6503_1,0,0
10101_9,1,1
7853_8,1,1
6229_1,0,0
1351_7,1,1
2764_10,0,1
4617_10,0,1
1265_2,0,0
11424_4,0,0
219_8,0,1
2241_10,1,1
8400_2,0,0
4399_1,0,0
9110_4,0,0
294_1,0,0
4646_4,0,0
8267_3,0,0
8829_4,0,0
3174_7,1,1
6557_4,0,0
8286_4,0,0
2611_8,1,1
3422_4,0,0
4632_4,0,0
6448_4,0,0
11485_3,0,0
8526_7,1,1
10172_9,1,1
5043_2,0,0
7865_1,0,0
6343_8,1,1
9225_9,1,1
2764_4,0,0
8446_10,0,1
3329_9,0,1
9142_8,0,1
9567_1,0,0
7933_8,1,1
5655_10,0,1
12076_10,1,1
6455_7,1,1
7202_10,0,1
7747_10,1,1
9072_10,0,1
11374_10,1,1
3032_9,1,1
3065_10,1,1
1216_10,1,1
732_8,1,1
7586_4,0,0
12012_10,1,1
5280_4,0,0
2687_4,0,0
7659_3,0,0
2813_4,0,0
6992_9,0,1
5468_10,1,1
10035_1,0,0
10283_10,1,1
5439_8,1,1
8930_2,0,0
8681_7,1,1
8521_1,0,0
4213_1,1,0
9751_1,0,0
935_10,1,1
5082_1,0,0
1802_1,0,0
11455_10,0,1
1794_9,0,1
3708_10,1,1
6174_8,1,1
2210_8,0,1
6259_7,1,1
12471_8,1,1
3260_10,1,1
4717_1,0,0
8673_2,0,0
6362_3,0,0
7986_1,0,0
10555_3,0,0
10468_2,0,0
5354_10,0,1
5760_2,0,0
1380_2,0,0
12054_9,1,1
3794_10,0,1
7842_1,0,0
2236_7,1,1
8449_1,0,0
9993_2,0,0
6947_1,0,0
11369_10,0,1
8186_4,1,0
7017_2,1,0
725_8,1,1
9298_8,0,1
1695_7,1,1
7762_1,0,0
3466_10,0,1
1794_4,0,0
3804_10,0,1
7642_3,0,0
9538_10,0,1
10107_2,0,0
4755_8,1,1
9679_1,0,0
11300_1,0,0
8747_3,0,0
4145_1,0,0
8066_7,0,1
6306_10,0,1
6021_10,1,1
4860_10,1,1
4608_2,0,0
2380_1,0,0
9709_8,1,1
8057_4,0,0
8624_1,0,0
6117_10,1,1
3641_9,1,1
8710_3,0,0
9158_10,0,1
1129_2,0,0
8320_4,0,0
10219_4,0,0
6625_1,0,0
1988_1,0,0
5032_1,0,0
1042_7,0,1
1895_4,0,0
10057_1,0,0
9898_10,1,1
3809_2,0,0
7994_2,0,0
2751_4,0,0
3102_1,0,0
12393_7,1,1
4521_7,0,1
11169_8,1,1
7227_4,1,0
4956_9,0,1
7592_9,0,1
656_7,0,1
11534_3,0,0
774_8,1,1
7756_1,0,0
2720_8,1,1
11227_10,0,1
10462_3,0,0
4041_10,0,1
7327_1,0,0
4056_8,1,1
11684_10,0,1
5544_8,1,1
3799_8,0,1
3593_10,1,1
4602_4,1,0
2123_2,0,0
9773_10,1,1
10956_4,0,0
5139_3,0,0
8804_10,1,1
1784_2,0,0
11022_1,0,0
9366_1,0,0
12113_7,0,1
2375_7,1,1
3911_10,1,1
10834_2,0,0
9319_1,0,0
3923_3,0,0
4630_10,1,1
2625_10,1,1
10159_7,1,1
2339_1,0,0
8577_3,0,0
4062_7,1,1
6677_2,0,0
7818_8,1,1
4939_2,0,0
6937_4,0,0
1286_1,0,0
878_2,0,0
2357_7,0,1
3397_3,1,0
11214_10,1,1
8045_1,0,0
2943_1,0,0
1518_10,0,1
2792_9,1,1
6437_7,1,1
8734_7,0,1
6165_2,0,0
11956_2,0,0
7021_1,0,0
3369_1,1,0
5829_2,0,0
11742_9,1,1
11370_1,0,0
1502_1,0,0
9933_1,0,0
4619_10,1,1
6842_1,0,0
2770_10,0,1
2343_4,0,0
3071_8,1,1
3046_8,1,1
8354_4,0,0
5632_10,1,1
3901_4,0,0
6950_10,1,1
2431_9,1,1
10614_9,1,1
41_4,0,0
5039_3,0,0
2827_1,0,0
2860_8,1,1
6868_9,1,1
4597_3,0,0
8795_10,1,1
11941_7,0,1
12442_1,0,0
9736_7,1,1
1102_9,0,1
4291_7,1,1
4523_1,0,0
5349_1,0,0
3363_7,0,1
11393_3,0,0
1647_1,0,0
6143_4,1,0
1863_1,0,0
10099_9,0,1
4163_8,0,1
9357_8,1,1
10941_10,0,1
6883_10,1,1
11090_4,1,0
3480_1,0,0
10795_1,0,0
5865_1,0,0
2484_8,0,1
3023_4,0,0
2818_2,0,0
719_7,0,1
5297_4,0,0
12194_10,1,1
2929_8,1,1
7911_2,0,0
10619_9,1,1
5192_9,1,1
2170_1,1,0
4659_10,0,1
8536_7,1,1
11119_1,0,0
7887_3,0,0
11742_1,0,0
5867_7,0,1
7538_7,0,1
1834_9,1,1
6499_8,0,1
2073_10,0,1
3881_10,1,1
802_7,0,1
1733_1,0,0
11527_1,0,0
4316_2,0,0
9812_1,0,0
8911_10,0,1
7687_10,1,1
4240_10,1,1
1778_1,0,0
11822_1,0,0
7820_1,0,0
235_4,0,0
8373_7,0,1
92_1,0,0
716_10,0,1
4028_7,0,1
5533_7,1,1
2605_9,1,1
6665_1,0,0
178_10,1,1
9886_2,0,0
11779_10,0,1
5124_4,0,0
1956_2,0,0
2933_1,0,0
8737_1,0,0
8755_9,1,1
5032_8,1,1
9246_10,1,1
9610_1,0,0
7011_2,1,0
1602_1,0,0
3367_1,0,0
2756_8,1,1
12042_9,1,1
2641_3,0,0
9202_10,1,1
1953_2,0,0
5303_1,0,0
975_7,1,1
2447_4,0,0
294_8,0,1
11643_7,1,1
8743_1,0,0
2661_4,0,0
8638_10,0,1
4793_10,1,1
7461_8,1,1
830_4,0,0
5770_7,0,1
1989_1,0,0
5514_3,0,0
5842_3,0,0
11813_1,0,0
7811_10,1,1
7707_4,0,0
1205_10,0,1
10326_10,1,1
4881_9,0,1
8244_10,1,1
7647_1,0,0
4376_10,1,1
6744_2,0,0
6769_7,1,1
494_10,0,1
6188_4,0,0
5859_1,0,0
6801_3,0,0
10990_8,1,1
6057_8,0,1
3017_1,0,0
7617_1,0,0
8340_7,1,1
746_7,0,1
9290_10,0,1
1525_10,1,1
11044_7,1,1
9367_10,0,1
5705_10,1,1
11375_10,0,1
11320_1,0,0
754_9,0,1
7040_10,1,1
10740_4,0,0
8839_10,1,1
11614_4,0,0
10867_9,1,1
12406_10,1,1
12081_10,1,1
8763_10,1,1
4103_1,0,0
5600_1,0,0
5345_2,0,0
10679_8,1,1
11709_1,0,0
6872_4,0,0
9096_3,1,0
3417_9,1,1
5154_3,0,0
6071_10,1,1
5685_9,0,1
7937_10,1,1
3628_1,0,0
7374_2,0,0
1862_8,1,1
6602_1,0,0
1401_10,0,1
12157_3,0,0
5636_8,1,1
2049_10,1,1
9402_8,1,1
12455_10,1,1
11062_2,0,0
9163_10,1,1
2879_7,0,1
2840_9,0,1
9893_8,1,1
11857_1,0,0
7776_10,0,1
10365_7,1,1
6186_7,1,1
7071_1,0,0
5132_1,0,0
8971_4,1,0
3415_1,0,0
3622_1,0,0
7446_10,0,1
4644_9,0,1
3923_10,0,1
3503_8,0,1
8685_7,0,1
1683_2,0,0
3417_4,0,0
10443_3,0,0
4620_3,1,0
5658_1,0,0
4185_1,0,0
3727_10,0,1
5334_1,0,0
7113_7,0,1
8713_1,0,0
2865_7,0,1
2956_4,1,0
2455_8,1,1
97_7,0,1
6789_10,1,1
8639_8,1,1
1563_8,0,1
3169_9,0,1
7627_10,1,1
1649_10,1,1
2287_10,1,1
9479_1,0,0
7705_1,0,0
10803_2,0,0
6076_9,1,1
4263_3,0,0
4726_10,1,1
11738_9,1,1
9250_9,1,1
2638_1,0,0
11357_7,1,1
12135_3,0,0
7296_10,0,1
10674_7,1,1
7674_9,1,1
5575_1,0,0
8120_7,1,1
1617_1,0,0
7090_3,0,0
3793_4,0,0
2658_10,1,1
9942_3,0,0
9520_9,1,1
10638_1,0,0
9066_10,0,1
3408_4,0,0
7526_1,0,0
10821_3,0,0
5887_10,1,1
12470_3,0,0
4033_8,1,1
1949_10,1,1
9859_4,0,0
11183_9,1,1
8533_4,0,0
10236_10,0,1
6111_3,1,0
5475_8,1,1
3342_3,0,0
8335_1,0,0
4812_9,1,1
2306_4,1,0
4596_7,0,1
10431_2,0,0
5077_9,1,1
1301_9,0,1
8979_9,0,1
4226_9,1,1
5544_3,0,0
7954_2,0,0
3935_4,1,0
7076_4,0,0
10208_10,1,1
3737_3,0,0
1689_8,1,1
6585_9,1,1
6096_3,0,0
11052_4,0,0
7783_10,0,1
5157_10,1,1
5465_10,0,1
11361_10,0,1
7560_3,1,0
9781_4,0,0
11681_10,1,1
6127_7,0,1
1799_9,1,1
10849_2,0,0
4274_7,0,1
15_10,1,1
11338_1,0,0
5750_2,0,0
9335_8,1,1
8359_7,1,1
9527_7,1,1
1336_1,0,0
9893_3,0,0
11229_9,1,1
5948_9,0,1
9733_4,0,0
6377_8,1,1
1427_10,0,1
9023_3,0,0
2151_2,0,0
1744_1,0,0
6367_10,1,1
9143_8,0,1
6176_8,1,1
11388_10,1,1
1493_10,1,1
6615_1,0,0
4654_2,0,0
599_9,0,1
7256_10,1,1
11993_1,0,0
992_7,1,1
8871_2,0,0
11483_1,0,0
3322_1,0,0
9827_4,0,0
8063_3,0,0
7397_3,0,0
3040_4,0,0
11682_2,0,0
8738_10,1,1
9905_4,0,0
6437_1,0,0
4319_9,1,1
5353_4,0,0
12207_9,0,1
6166_7,1,1
12243_4,0,0
1219_1,0,0
10292_10,0,1
10132_10,1,1
6898_10,0,1
8469_8,1,1
10393_1,0,0
7509_1,0,0
9468_9,1,1
9002_1,0,0
891_9,0,1
5156_4,1,0
2321_1,0,0
11859_8,0,1
12262_7,1,1
6198_4,1,0
5699_1,0,0
4252_10,0,1
10618_10,1,1
3226_10,1,1
7227_7,0,1
11047_7,1,1
9569_7,1,1
8933_4,0,0
4513_8,1,1
1271_9,1,1
6327_2,0,0
10012_9,0,1
10090_3,0,0
8564_1,0,0
10905_8,1,1
6828_2,0,0
1730_1,0,0
3404_3,0,0
12428_1,0,0
5180_1,0,0
10554_9,1,1
527_2,1,0
10296_8,1,1
543_4,0,0
10235_3,1,0
3743_4,0,0
8792_3,0,0
3597_1,0,0
12320_1,0,0
11672_8,1,1
7237_4,0,0
3726_7,0,1
6643_2,0,0
2743_10,1,1
10184_9,1,1
1929_1,0,0
666_7,0,1
4548_4,0,0
4153_4,0,0
7356_4,0,0
8843_10,1,1
7552_8,0,1
6494_8,0,1
3547_7,0,1
810_1,0,0
7672_9,1,1
4945_3,0,0
12427_8,1,1
749_7,0,1
10706_10,1,1
10969_1,0,0
340_9,1,1
2154_8,1,1
3715_1,0,0
2388_10,1,1
5905_2,0,0
3774_10,0,1
3070_1,0,0
4789_10,0,1
1509_2,0,0
2350_8,1,1
11137_1,0,0
10987_1,0,0
5815_1,0,0
7272_10,1,1
4651_10,0,1
4184_1,0,0
9636_10,0,1
8592_10,0,1
3068_3,0,0
8899_4,0,0
10018_1,0,0
5821_10,1,1
3232_4,0,0
10795_10,0,1
7461_3,0,0
10874_7,0,1
9672_10,1,1
1908_10,0,1
4014_9,0,1
10488_3,0,0
2501_7,1,1
12339_3,0,0
2698_10,1,1
1674_1,0,0
10366_8,0,1
12059_10,1,1
8285_4,0,0
4120_8,1,1
4238_7,1,1
10516_1,0,0
2478_9,1,1
7807_2,0,0
10704_1,0,0
791_4,0,0
2514_4,0,0
3095_10,0,1
1770_10,1,1
11115_2,0,0
10797_1,0,0
11347_1,0,0
7077_10,1,1
403_1,0,0
5852_7,0,1
8451_8,1,1
7013_1,0,0
10346_9,1,1
3055_7,0,1
4687_1,0,0
8467_10,1,1
11363_10,1,1
277_9,1,1
1715_2,0,0
9249_1,0,0
1895_10,0,1
5505_3,0,0
1323_9,1,1
4200_10,1,1
682_4,0,0
12020_4,0,0
5824_10,1,1
4475_10,1,1
891_1,0,0
2713_8,1,1
2084_9,1,1
1535_3,0,0
7862_8,1,1
8055_9,1,1
6604_7,1,1
7714_1,0,0
5606_7,0,1
7277_10,1,1
3197_1,0,0
406_7,0,1
6948_9,0,1
4196_8,0,1
1723_10,1,1
11625_4,1,0
1259_1,0,0
5283_10,0,1
8407_4,0,0
5561_8,0,1
7653_3,0,0
8646_1,0,0
8053_8,1,1
1879_7,0,1
1645_2,1,0
12222_7,0,1
3966_1,0,0
4754_1,0,0
8920_9,0,1
11920_9,1,1
4747_2,0,0
2108_8,0,1
9017_7,1,1
994_7,1,1
11155_10,0,1
6249_9,1,1
5926_9,1,1
12486_1,1,0
4918_8,0,1
1357_9,1,1
6051_2,0,0
4589_10,0,1
12401_4,0,0
4083_8,1,1
10373_10,1,1
7467_8,0,1
2220_1,0,0
6882_7,0,1
10551_10,0,1
4043_10,1,1
11078_8,1,1
4280_9,1,1
8594_10,1,1
10652_9,1,1
2206_10,1,1
9014_2,0,0
10215_4,0,0
3549_2,0,0
10445_1,0,0
10819_9,0,1
10691_1,0,0
3855_10,1,1
7809_2,0,0
3022_7,1,1
694_8,0,1
13_9,1,1
10972_10,1,1
9187_1,0,0
12354_3,0,0
4793_1,0,0
10696_1,0,0
12446_1,0,0
1488_10,0,1
904_10,0,1
11057_1,0,0
2132_8,0,1
1406_10,1,1
11366_3,0,0
9957_4,0,0
12096_1,0,0
3827_3,0,0
11686_2,0,0
4387_9,1,1
9955_9,0,1
12103_10,1,1
11506_10,1,1
793_1,0,0
8001_1,0,0
8823_4,1,0
1787_7,1,1
5484_10,0,1
3557_9,1,1
615_8,1,1
410_2,0,0
5800_2,0,0
3143_4,0,0
11359_2,0,0
7016_10,1,1
3711_2,0,0
8580_10,0,1
5615_9,0,1
9202_2,0,0
4776_2,0,0
8436_10,1,1
2097_8,0,1
6935_4,1,0
2656_1,0,0
11446_7,1,1
5392_4,0,0
6451_9,0,1
11054_8,1,1
8677_8,0,1
8761_3,0,0
9297_1,0,0
12480_2,0,0
11736_9,1,1
4156_8,0,1
1955_10,1,1
12350_1,0,0
5439_1,0,0
1342_10,0,1
7271_1,0,0
1868_4,0,0
4497_9,0,1
1729_10,1,1
4593_8,1,1
11296_7,1,1
9573_4,0,0
11678_2,0,0
6790_9,1,1
12298_2,0,0
9839_3,0,0
1348_1,0,0
7004_8,0,1
10414_10,0,1
3826_3,0,0
9313_4,1,0
10543_3,0,0
6909_9,1,1
11377_10,1,1
2591_9,1,1
11355_2,0,0
9274_8,1,1
4521_4,1,0
12208_9,0,1
4948_2,0,0
3732_1,0,0
12096_10,1,1
7135_3,0,0
10310_8,1,1
1959_1,0,0
10383_1,0,0
106_9,0,1
7085_7,1,1
11070_8,1,1
6850_10,1,1
12476_4,0,0
1917_10,1,1
1341_3,0,0
4062_1,0,0
5594_4,0,0
11963_1,0,0
2777_9,1,1
9871_7,0,1
949_8,0,1
7436_10,1,1
738_10,0,1
4893_1,0,0
6100_10,0,1
10219_9,0,1
4004_2,0,0
5945_10,1,1
10183_9,1,1
3465_10,1,1
4408_1,0,0
5810_7,0,1
188_3,0,0
7835_1,0,0
1648_9,1,1
7971_8,0,1
11809_1,0,0
5352_10,1,1
1476_8,1,1
602_10,1,1
9669_2,0,0
93_9,1,1
10787_10,0,1
10958_8,1,1
6608_1,0,0
7058_10,1,1
4401_10,0,1
9315_8,0,1
9670_3,0,0
10537_3,0,0
1033_2,0,0
12085_10,0,1
9373_7,1,1
8302_2,0,0
10138_2,0,0
6814_10,1,1
9778_1,0,0
5149_7,1,1
6191_3,1,0
7466_3,0,0
10051_2,0,0
5262_2,0,0
2906_1,0,0
8625_9,0,1
2118_4,0,0
11547_3,0,0
11384_7,1,1
123_10,1,1
11115_7,1,1
9348_10,0,1
568_9,1,1
7731_9,1,1
6548_8,0,1
9235_4,0,0
430_10,1,1
10790_1,0,0
10691_10,0,1
2324_9,1,1
11031_1,1,0
5465_4,0,0
5545_4,0,0
5546_10,1,1
9010_2,0,0
7205_10,1,1
7580_10,1,1
2052_3,0,0
6284_7,1,1
12001_3,0,0
3458_9,1,1
9013_2,0,0
5839_4,0,0
10809_10,1,1
3077_2,0,0
11373_3,0,0
7083_9,1,1
10846_10,1,1
11815_10,1,1
4730_1,0,0
3320_7,0,1
4782_10,1,1
3410_3,0,0
5142_10,1,1
3947_1,0,0
3016_8,0,1
12114_4,0,0
11039_8,1,1
5902_7,1,1
5351_8,1,1
1654_10,1,1
5731_4,0,0
10985_9,1,1
8724_1,0,0
9854_3,0,0
2054_1,0,0
11385_4,0,0
5919_4,0,0
9898_1,0,0
11874_8,0,1
4496_3,0,0
5231_1,0,0
10070_3,0,0
2345_8,1,1
9311_10,0,1
1036_10,1,1
6603_4,0,0
2138_9,1,1
10546_10,1,1
3217_10,1,1
12188_10,1,1
5986_2,0,0
352_10,1,1
8557_3,0,0
10453_10,1,1
4397_4,0,0
673_2,0,0
10305_10,1,1
11985_1,0,0
3457_1,0,0
500_1,0,0
10637_9,1,1
8144_10,1,1
8485_1,0,0
1632_7,0,1
2404_8,1,1
11489_10,1,1
7590_1,0,0
12460_2,0,0
11729_10,1,1
2796_7,0,1
8015_2,0,0
8258_4,0,0
2272_3,0,0
7178_10,1,1
8476_8,1,1
3411_4,0,0
8319_10,1,1
11799_10,0,1
8585_4,1,0
4640_10,1,1
12199_1,0,0
8380_7,0,1
8712_10,1,1
12482_9,1,1
4813_1,0,0
119_9,1,1
7850_10,1,1
5536_1,0,0
10576_1,0,0
2803_1,0,0
11788_4,0,0
6681_3,0,0
2503_10,1,1
88_3,0,0
7389_4,0,0
8793_9,1,1
4911_7,1,1
6495_4,0,0
10670_1,0,0
2203_10,1,1
7588_10,0,1
7095_7,1,1
6748_8,0,1
10348_1,0,0
2568_8,0,1
10292_2,0,0
1112_3,0,0
5322_7,1,1
4291_4,0,0
1212_7,1,1
7963_10,0,1
6156_1,0,0
713_1,0,0
11606_8,1,1
10975_10,1,1
4638_10,1,1
800_8,0,1
1389_3,0,0
10045_1,0,0
3529_1,0,0
1921_2,0,0
4824_8,0,1
10688_10,1,1
84_10,1,1
225_3,0,0
9756_10,0,1
7601_8,1,1
6342_3,0,0
7711_1,0,0
12133_7,1,1
8026_3,0,0
4551_10,1,1
545_4,0,0
343_1,0,0
10788_4,1,0
8711_2,0,0
5493_10,1,1
9358_1,0,0
2185_3,0,0
9720_2,0,0
4481_8,0,1
6528_2,0,0
11928_8,0,1
6591_7,1,1
10876_1,0,0
11253_10,1,1
2190_3,0,0
4281_3,0,0
7971_3,0,0
11649_2,0,0
5199_3,0,0
12258_3,0,0
5922_8,1,1
11136_1,0,0
7941_10,1,1
1412_7,1,1
11053_3,0,0
5586_10,1,1
5762_9,1,1
8328_3,0,0
10354_4,0,0
3563_8,1,1
8246_2,0,0
7740_10,1,1
4972_1,0,0
832_4,0,0
11386_10,0,1
1273_3,0,0
5085_2,0,0
11414_4,0,0
885_8,1,1
3943_10,0,1
898_9,1,1
8168_10,1,1
9779_10,1,1
830_7,1,1
77_10,1,1
648_8,0,1
10629_10,1,1
89_10,1,1
11955_9,1,1
7883_9,1,1
243_4,0,0
5148_2,0,0
1056_3,0,0
5206_10,1,1
8777_10,0,1
2969_2,0,0
6729_8,1,1
11860_1,0,0
6307_4,1,0
11589_1,0,0
8016_1,0,0
3461_8,1,1
8767_1,0,0
7692_10,1,1
12281_8,0,1
7763_1,0,0
5301_9,1,1
5112_10,0,1
10757_10,1,1
1066_8,1,1
5413_10,1,1
2733_3,0,0
8534_10,0,1
5915_8,0,1
10566_3,0,0
10900_7,0,1
3120_10,1,1
4394_1,0,0
3090_1,0,0
4379_10,1,1
5259_7,0,1
10792_8,1,1
2599_1,0,0
1912_2,0,0
2517_1,1,0
2946_8,1,1
3020_8,1,1
1850_4,0,0
9463_2,0,0
1721_10,0,1
7952_7,1,1
1806_9,0,1
11403_9,0,1
2013_7,0,1
5556_10,1,1
1746_3,0,0
11125_7,1,1
9270_4,0,0
7343_10,1,1
12465_10,1,1
8550_9,1,1
6213_8,0,1
10861_10,0,1
4109_7,1,1
8652_1,0,0
11546_1,0,0
9133_7,1,1
5964_3,0,0
1575_1,0,0
1337_4,1,0
7610_1,0,0
49_10,1,1
6505_2,0,0
7177_10,1,1
5947_7,1,1
1723_3,0,0
9055_7,1,1
7972_1,0,0
5340_8,0,1
6938_8,0,1
12400_8,1,1
552_9,1,1
11844_9,1,1
1080_1,0,0
3078_10,1,1
8713_9,1,1
7300_1,0,0
12464_1,0,0
3812_10,1,1
3313_4,0,0
6880_4,0,0
5478_9,1,1
10951_7,1,1
3327_8,1,1
6332_10,1,1
4385_8,1,1
2387_10,1,1
5756_3,0,0
4020_7,0,1
6190_8,0,1
517_8,0,1
9018_3,0,0
9449_10,0,1
10715_3,0,0
8195_8,0,1
9605_10,0,1
4309_9,1,1
1783_4,0,0
1658_10,0,1
1403_7,0,1
4268_1,0,0
4822_1,0,0
717_4,0,0
7768_10,1,1
7803_2,0,0
7190_8,1,1
11035_1,0,0
6288_10,1,1
10690_1,0,0
714_10,1,1
9210_10,1,1
12462_1,0,0
9325_1,0,0
8370_8,1,1
10583_1,0,0
4016_10,1,1
6465_4,0,0
1512_9,1,1
4769_8,1,1
11160_7,1,1
2175_1,0,0
12261_7,1,1
685_8,1,1
9208_10,0,1
6296_1,0,0
8210_4,0,0
11237_4,0,0
8139_10,1,1
6996_3,0,0
5168_1,0,0
5528_3,0,0
6635_1,0,0
1670_8,1,1
7099_4,0,0
2239_1,1,0
7313_4,0,0
3304_2,0,0
10505_1,0,0
9681_10,1,1
7569_4,1,0
9926_4,0,0
8339_8,1,1
8553_10,0,1
387_1,0,0
4715_9,1,1
11447_1,0,0
7425_1,0,0
10514_1,0,0
6979_10,1,1
3104_1,0,0
6833_4,1,0
5931_3,0,0
12103_2,0,0
9413_1,0,0
2730_7,0,1
7293_10,1,1
8479_9,1,1
9099_7,1,1
2061_4,0,0
4680_7,1,1
4067_1,0,0
4663_2,0,0
3069_1,0,0
8739_7,1,1
8279_2,0,0
11078_1,0,0
7917_1,0,0
7636_8,1,1
5071_8,0,1
1720_10,1,1
885_3,0,0
734_1,0,0
6309_9,1,1
4346_3,0,0
4087_10,0,1
678_1,0,0
8348_8,0,1
3572_2,0,0
10285_1,0,0
11126_4,0,0
8071_2,0,0
8150_10,1,1
4652_4,0,0
3674_8,0,1
1046_9,1,1
1986_8,1,1
2516_1,0,0
11758_1,0,0
4747_8,1,1
10426_4,1,0
4331_1,0,0
9146_3,0,0
312_10,1,1
4160_9,1,1
5277_3,0,0
4896_7,1,1
4327_9,0,1
4136_3,0,0
2324_2,1,0
10407_10,0,1
5081_10,0,1
2892_2,0,0
367_3,0,0
6523_3,0,0
9037_7,1,1
8790_1,0,0
1839_8,1,1
4149_3,0,0
7950_3,0,0
1686_2,0,0
7855_1,0,0
2844_10,1,1
4006_1,0,0
1077_10,1,1
9294_3,0,0
8866_1,0,0
8414_3,0,0
11736_3,0,0
11683_9,1,1
6399_10,0,1
4876_2,0,0
8818_10,1,1
8874_3,0,0
2595_7,1,1
9287_1,0,0
11446_3,0,0
10016_3,0,0
10381_8,1,1
2222_1,0,0
10875_7,0,1
5708_8,0,1
2727_9,0,1
823_1,0,0
3616_2,0,0
10522_1,0,0
5340_3,0,0
4218_9,0,1
6551_4,0,0
4506_7,0,1
487_3,0,0
3215_2,0,0
3884_10,1,1
8163_1,0,0
4878_9,0,1
10428_10,1,1
6394_10,1,1
5318_2,0,0
4829_3,0,0
9175_8,1,1
10213_7,0,1
1484_10,1,1
9646_10,1,1
755_1,0,0
4988_1,0,0
10640_3,0,0
2780_4,0,0
5867_2,0,0
9212_10,1,1
8554_4,0,0
4703_3,0,0
8779_8,1,1
953_10,1,1
10349_8,1,1
3280_10,1,1
3646_8,1,1
6054_1,0,0
4894_3,0,0
11235_10,1,1
513_8,1,1
4166_1,0,0
742_8,0,1
7671_10,1,1
2835_4,1,0
8556_10,1,1
4764_7,0,1
1626_3,0,0
6883_4,0,0
1014_4,0,0
9419_10,1,1
7918_8,1,1
8912_2,0,0
7996_3,0,0
5045_2,0,0
9612_2,0,0
1658_2,0,0
4373_2,0,0
11771_7,0,1
5458_4,0,0
10492_1,0,0
5551_8,1,1
811_1,0,0
12209_9,0,1
1514_1,0,0
6684_9,1,1
4604_7,1,1
3350_1,0,0
3336_7,0,1
9645_4,0,0
1664_9,1,1
5109_8,1,1
9294_8,0,1
7439_3,0,0
9098_10,0,1
10353_2,0,0
2356_4,0,0
884_1,0,0
704_2,0,0
9429_4,0,0
11563_1,0,0
10345_7,1,1
12301_4,0,0
1021_7,0,1
6353_1,0,0
2608_7,1,1
10508_1,0,0
263_1,0,0
10127_10,1,1
11517_4,1,0
4758_4,1,0
2210_4,0,0
12396_1,0,0
9405_7,1,1
5945_2,0,0
1931_3,0,0
3972_9,1,1
7949_3,0,0
1958_10,1,1
5834_7,1,1
11040_1,0,0
9453_1,0,0
5841_10,1,1
1144_10,1,1
5678_2,0,0
11361_3,0,0
5999_1,0,0
11810_4,0,0
10502_1,0,0
11821_10,1,1
8270_10,1,1
4627_4,0,0
5588_2,0,0
4877_1,0,0
2289_8,1,1
2582_10,1,1
8749_1,0,0
1653_1,0,0
7060_3,1,0
4299_1,0,0
7198_10,1,1
5597_9,1,1
11592_10,1,1
1516_1,0,0
1428_10,1,1
9349_7,1,1
4182_10,0,1
522_10,0,1
1942_9,1,1
2570_8,1,1
1188_2,0,0
7454_10,1,1
6859_8,1,1
4278_9,1,1
3538_8,0,1
6499_1,0,0
7715_1,0,0
5847_1,0,0
2109_10,0,1
7570_2,0,0
3725_1,0,0
8736_2,0,0
2007_10,1,1
9738_10,1,1
2763_7,1,1
9081_2,0,0
6647_10,1,1
11207_1,0,0
5182_3,0,0
2171_10,1,1
9091_1,0,0
3970_3,0,0
7432_9,1,1
2169_2,0,0
720_1,0,0
866_2,0,0
567_3,0,0
11812_8,0,1
11195_9,1,1
5877_10,1,1
5526_9,1,1
792_8,0,1
8673_9,1,1
5163_1,0,0
4722_8,1,1
11423_8,1,1
3239_8,0,1
2235_4,1,0
5799_3,0,0
8592_2,0,0
5229_10,1,1
9285_10,1,1
6092_1,0,0
8940_10,1,1
12220_8,0,1
4417_10,1,1
10462_10,1,1
3241_9,0,1
8744_10,1,1
1016_3,0,0
7382_10,1,1
8458_8,1,1
629_4,0,0
1971_3,0,0
4471_4,0,0
7890_2,0,0
10164_4,0,0
2176_8,0,1
2500_2,0,0
1155_2,0,0
7102_8,0,1
3618_10,1,1
4940_3,0,0
10263_3,0,0
12495_10,0,1
7170_9,1,1
7322_3,0,0
2938_10,0,1
8128_8,1,1
4900_1,0,0
5672_7,0,1
3387_10,1,1
806_1,0,0
7385_2,0,0
3043_4,0,0
6845_10,0,1
979_3,0,0
6853_3,0,0
4871_4,1,0
12172_8,0,1
4105_2,0,0
3171_4,0,0
8686_10,1,1
10187_1,0,0
5305_7,0,1
1728_10,0,1
11284_4,1,0
443_2,0,0
8542_9,1,1
7634_2,0,0
2598_1,0,0
124_2,0,0
10145_8,1,1
63_1,0,0
5522_3,0,0
1264_9,1,1
12181_10,0,1
6508_1,0,0
2146_3,0,0
5449_4,0,0
2660_9,1,1
6594_4,0,0
6285_8,1,1
12200_10,0,1
6710_1,0,0
10399_10,1,1
6703_1,0,0
5795_8,1,1
3427_4,0,0
11306_10,1,1
6641_3,0,0
9364_9,1,1
6963_8,0,1
6896_10,1,1
10154_10,1,1
4690_10,1,1
8125_8,1,1
4978_1,0,0
4999_3,0,0
8921_8,1,1
6089_3,0,0
12279_9,0,1
1209_7,0,1
2083_7,1,1
10162_10,1,1
1266_4,0,0
10892_8,0,1
4864_4,0,0
10743_7,1,1
6427_1,0,0
8633_1,0,0
6158_10,0,1
4952_3,0,0
7508_10,0,1
637_9,1,1
6734_2,1,0
10685_1,0,0
6269_4,0,0
9073_8,1,1
9551_2,0,0
5499_2,0,0
3573_4,0,0
12089_1,0,0
3962_1,0,0
2169_7,1,1
959_8,0,1
10514_9,0,1
4430_7,1,1
10802_1,0,0
280_10,0,1
8041_3,0,0
9040_9,1,1
10653_1,0,0
10783_7,1,1
4711_1,0,0
1523_4,0,0
3903_1,0,0
4216_8,1,1
10108_1,0,0
4098_4,0,0
9433_7,1,1
11013_10,0,1
3968_10,1,1
7916_3,0,0
5859_9,0,1
11194_7,1,1
9376_3,0,0
1808_4,0,0
12029_3,0,0
5854_4,0,0
6573_9,1,1
6747_8,1,1
4366_1,0,0
5868_7,1,1
7712_3,0,0
11617_1,0,0
5362_10,0,1
1950_1,0,0
9724_1,0,0
7537_8,0,1
6950_1,0,0
6035_8,1,1
11191_4,0,0
4759_9,1,1
1228_7,0,1
10380_1,0,0
271_7,1,1
7826_9,1,1
4336_2,0,0
4209_2,0,0
4898_7,0,1
2987_1,0,0
9976_4,0,0
7521_10,1,1
5680_2,0,0
4310_10,1,1
4484_10,1,1
5748_9,1,1
6798_3,0,0
9598_10,0,1
4834_2,0,0
2505_10,1,1
1984_8,0,1
476_1,0,0
11578_1,0,0
2223_3,0,0
8215_3,0,0
3108_1,0,0
4371_1,0,0
12399_4,0,0
4913_1,0,0
8431_8,1,1
3445_10,1,1
8268_10,0,1
4271_10,1,1
2136_3,0,0
2479_1,0,0
11798_2,0,0
2893_10,1,1
7754_3,0,0
7568_10,1,1
6221_8,1,1
1687_10,1,1
4744_1,0,0
3730_10,1,1
7543_10,0,1
4449_1,0,0
2802_8,1,1
2834_2,0,0
11243_2,0,0
6638_10,0,1
3299_1,0,0
1378_10,0,1
1867_9,1,1
3371_1,0,0
1340_10,1,1
1810_10,0,1
11773_10,0,1
2111_1,0,0
2234_4,1,0
4958_7,0,1
3514_1,0,0
8488_9,1,1
1650_4,0,0
6538_3,0,0
9930_9,1,1
10594_1,0,0
6248_8,0,1
1384_9,1,1
11526_3,0,0
9847_10,1,1
8994_1,0,0
11595_1,0,0
9840_7,1,1
1027_9,1,1
11691_2,0,0
1154_10,0,1
4599_4,0,0
2126_1,0,0
10719_3,0,0
11925_2,0,0
1938_2,0,0
7233_7,1,1
1747_8,1,1
4994_8,0,1
10696_10,0,1
7348_10,1,1
9121_8,0,1
902_10,0,1
8046_1,0,0
3604_7,0,1
4886_8,1,1
2821_10,1,1
10180_8,1,1
11376_10,0,1
11195_2,0,0
5625_9,1,1
9284_9,1,1
6747_1,0,0
3910_9,0,1
11412_7,1,1
2456_10,1,1
6105_10,1,1
5732_10,0,1
1960_9,0,1
6363_7,1,1
9596_10,0,1
8605_3,0,0
174_2,0,0
8251_1,0,0
8567_10,0,1
7007_3,1,0
2418_8,1,1
12030_8,0,1
7626_7,0,1
6070_3,0,0
802_1,0,0
10801_10,0,1
8559_1,0,0
2495_2,0,0
10777_9,1,1
2958_7,1,1
3701_10,0,1
2754_9,0,1
1210_1,0,0
7830_10,1,1
4523_9,1,1
12408_4,0,0
5748_1,0,0
3982_2,0,0
9658_8,1,1
73_10,1,1
3952_1,0,0
4064_8,0,1
9835_4,0,0
12463_1,0,0
905_10,1,1
5634_8,0,1
800_3,0,0
11576_10,1,1
8546_4,0,0
8456_1,0,0
163_1,0,0
7616_3,0,0
17_3,0,0
620_2,0,0
4250_4,0,0
4403_1,0,0
7107_3,0,0
9691_9,0,1
4069_8,1,1
3747_7,1,1
7930_10,1,1
1088_3,0,0
3683_1,0,0
11138_1,0,0
1825_10,1,1
9888_3,0,0
8079_10,1,1
1508_2,0,0
2471_4,0,0
5238_7,0,1
4947_9,1,1
1791_10,1,1
5824_4,0,0
10408_2,0,0
6053_8,1,1
6811_4,0,0
6398_4,1,0
137_7,1,1
3920_9,0,1
8179_2,0,0
10602_8,0,1
10509_8,0,1
7346_3,0,0
2663_1,0,0
1342_2,0,0
5714_4,0,0
9669_10,0,1
6038_3,1,0
11957_10,1,1
750_2,0,0
12386_10,0,1
7178_1,0,0
8070_8,0,1
8993_1,0,0
1178_4,0,0
10457_8,1,1
5287_1,0,0
3098_8,1,1
3505_8,1,1
10271_1,0,0
4354_3,0,0
4817_1,0,0
11313_1,0,0
9023_10,0,1
8404_1,0,0
11847_1,0,0
5374_9,1,1
1009_8,0,1
4197_1,0,0
10803_9,1,1
6609_9,1,1
519_1,0,0
7675_3,0,0
10204_10,1,1
10565_1,0,0
1641_1,0,0
11170_10,1,1
451_2,0,0
4526_7,0,1
5639_9,1,1
5642_1,0,0
9159_3,0,0
11173_10,0,1
10772_10,1,1
11172_10,1,1
10213_4,0,0
11256_9,1,1
5863_1,0,0
5125_1,0,0
5624_10,1,1
10355_10,0,1
6623_1,0,0
3674_1,0,0
540_8,0,1
5202_10,0,1
9644_10,1,1
4780_1,0,0
2002_9,0,1
7228_10,1,1
4036_2,0,0
9925_9,1,1
1137_10,1,1
5679_1,0,0
9162_2,0,0
2849_3,0,0
3546_4,0,0
7164_1,0,0
1749_10,0,1
11988_2,0,0
365_10,1,1
7340_10,1,1
1543_3,0,0
6008_2,0,0
2230_4,0,0
10105_3,0,0
5443_1,0,0
5024_1,0,0
5630_8,0,1
7603_10,1,1
12205_10,0,1
5910_7,0,1
7006_8,1,1
3287_10,1,1
3136_1,0,0
6547_4,0,0
9329_1,0,0
1679_10,1,1
1659_7,1,1
2015_1,0,0
5236_1,0,0
2201_2,0,0
6026_3,0,0
12093_8,1,1
11394_10,0,1
9512_1,0,0
8401_3,0,0
5239_8,1,1
5018_10,0,1
38_8,1,1
2968_7,0,1
5359_3,0,0
10419_4,1,0
1551_4,0,0
11346_1,0,0
809_1,0,0
9823_4,0,0
10125_8,1,1
8819_10,1,1
9038_4,0,0
1968_1,0,0
6642_2,0,0
9015_10,1,1
12198_2,1,0
2758_9,0,1
9206_3,0,0
4370_7,1,1
1985_2,0,0
3031_7,1,1
10172_1,0,0
4527_1,0,0
5458_9,0,1
6534_1,0,0
4347_1,0,0
11152_10,1,1
9238_3,0,0
6161_8,1,1
2299_1,0,0
1133_1,0,0
11774_3,0,0
1095_2,0,0
11311_10,1,1
1126_1,0,0
2385_9,0,1
10710_10,1,1
10106_1,0,0
3363_1,0,0
11480_10,1,1
5183_1,0,0
7100_7,0,1
752_10,0,1
11958_8,0,1
2518_1,0,0
4744_9,1,1
53_7,0,1
12289_1,0,0
9239_4,0,0
8758_10,1,1
9050_9,1,1
10390_7,1,1
11780_8,1,1
9518_1,0,0
3442_1,0,0
6316_9,1,1
2826_9,0,1
5908_10,1,1
3720_7,1,1
8481_1,0,0
1188_10,1,1
2784_10,0,1
12352_3,0,0
1771_10,1,1
5255_1,0,0
328_4,0,0
313_10,1,1
10530_1,0,0
4866_7,1,1
8936_1,0,0
10029_10,1,1
12383_10,0,1
1922_1,0,0
3012_7,0,1
11593_3,0,0
8661_1,0,0
10457_1,0,0
8074_4,1,0
11993_10,0,1
6_7,1,1
2542_9,1,1
11454_3,0,0
6776_4,1,0
9466_1,0,0
11100_4,0,0
6429_10,0,1
11218_3,0,0
8310_1,0,0
7432_4,0,0
10115_1,0,0
11127_7,0,1
3306_2,0,0
6998_7,0,1
12166_2,0,0
7792_10,1,1
9250_1,0,0
3351_7,1,1
3350_8,0,1
2393_3,1,0
5473_3,0,0
73_4,0,0
1504_1,0,0
10317_10,0,1
5795_1,0,0
1511_9,0,1
2537_2,0,0
8010_4,0,0
1616_3,0,0
4332_2,0,0
8499_1,0,0
1636_8,0,1
7752_3,0,0
5848_7,0,1
5370_2,0,0
10600_10,0,1
5501_3,0,0
9948_7,0,1
10683_4,0,0
10013_4,0,0
11704_2,0,0
431_9,1,1
11855_10,1,1
2671_7,1,1
5831_2,0,0
7920_10,0,1
276_1,0,0
6245_2,0,0
89_3,0,0
7871_1,0,0
1707_1,0,0
6640_1,0,0
723_10,1,1
11391_1,0,0
3534_3,0,0
10449_10,1,1
180_10,1,1
5128_1,0,0
471_10,1,1
2341_10,1,1
3204_7,1,1
1818_10,1,1
4489_10,0,1
12034_10,0,1
11264_10,1,1
8077_7,0,1
12206_10,0,1
11549_3,0,0
8993_10,0,1
1937_4,0,0
7778_3,0,0
9714_9,0,1
7219_4,0,0
6518_4,0,0
8421_10,1,1
10563_2,0,0
2527_9,1,1
11147_10,1,1
832_7,0,1
8972_7,0,1
2311_9,1,1
6794_1,0,0
1769_10,1,1
11130_1,0,0
8331_3,0,0
5564_10,0,1
2594_10,1,1
11037_1,0,0
6679_9,0,1
419_4,0,0
2635_10,0,1
4436_4,1,0
10972_1,0,0
708_3,0,0
9113_1,0,0
1438_9,1,1
2048_4,0,0
4488_10,1,1
7889_3,0,0
11498_9,1,1
8780_1,0,0
2036_7,1,1
1861_1,0,0
581_4,0,0
9253_10,1,1
977_4,0,0
5693_7,1,1
6515_9,1,1
9378_1,0,0
6695_2,0,0
8507_1,0,0
829_2,0,0
11023_8,1,1
70_1,0,0
3669_8,0,1
10033_8,1,1
9158_4,0,0
817_1,0,0
4679_1,0,0
8133_4,0,0
3531_1,0,0
10742_1,0,0
5579_3,0,0
9041_1,0,0
4938_1,0,0
4246_9,0,1
4275_9,1,1
6819_3,0,0
6327_7,0,1
6101_10,0,1
11852_2,0,0
10252_10,1,1
4348_8,0,1
5328_4,0,0
11964_9,1,1
8634_1,0,0
3702_8,1,1
1677_2,0,0
5907_1,0,0
8432_10,1,1
3570_3,0,0
9624_10,1,1
11466_4,1,0
9062_10,1,1
12336_1,0,0
3476_1,0,0
7033_2,0,0
2660_3,0,0
741_1,0,0
11490_1,0,0
6580_7,1,1
1807_3,0,0
4785_1,0,0
6319_10,0,1
4437_8,1,1
3533_10,1,1
12119_3,0,0
151_8,1,1
7829_7,0,1
5497_1,0,0
7477_10,1,1
5879_10,1,1
8068_10,1,1
7989_3,0,0
8480_10,1,1
10352_10,0,1
120_2,0,0
10135_3,0,0
8091_1,0,0
8505_8,0,1
3282_1,0,0
11570_10,1,1
11052_8,0,1
5549_10,1,1
3891_8,1,1
3537_9,1,1
8503_3,0,0
3995_4,0,0
10979_3,0,0
11681_1,0,0
536_7,0,1
11739_8,1,1
6951_10,1,1
6210_2,0,0
1449_4,0,0
11860_10,1,1
11149_8,1,1
4021_7,1,1
5104_3,0,0
2989_3,0,0
10112_10,1,1
6718_1,0,0
7654_4,0,0
9481_10,0,1
7984_2,0,0
1348_8,1,1
11079_8,0,1
9554_10,1,1
8617_8,1,1
315_8,1,1
6085_8,1,1
1823_9,1,1
3208_10,1,1
924_4,0,0
6479_10,1,1
7017_10,0,1
8595_4,0,0
4532_10,1,1
5145_4,0,0
2358_7,1,1
11151_4,0,0
10238_7,1,1
564_9,0,1
4054_10,1,1
8852_9,1,1
10137_10,0,1
7014_3,0,0
1533_4,0,0
8257_2,0,0
8719_8,1,1
5041_1,0,0
1469_9,1,1
11726_3,0,0
2002_1,0,0
12293_3,0,0
3672_1,0,0
11110_10,1,1
3931_1,1,0
6972_1,0,0
10186_1,0,0
9265_3,0,0
7412_3,0,0
5427_2,0,0
5006_4,0,0
3199_1,0,0
6256_8,0,1
418_9,1,1
8834_9,1,1
5093_10,1,1
3190_2,0,0
12360_4,0,0
9477_1,0,0
6085_1,0,0
7773_10,1,1
255_4,0,0
1661_1,0,0
1627_10,0,1
9204_2,0,0
3704_8,0,1
11898_9,0,1
1137_1,0,0
101_9,1,1
1142_1,0,0
5314_8,1,1
10932_4,0,0
9639_2,0,0
12125_7,1,1
10998_1,0,0
5186_7,1,1
10340_1,0,0
7419_8,0,1
6929_3,0,0
7238_4,0,0
10869_7,0,1
4106_1,0,0
6589_2,0,0
9619_7,0,1
7116_4,0,0
8889_1,0,0
3901_9,1,1
7052_7,0,1
6439_1,0,0
5309_1,0,0
4515_3,0,0
3029_4,0,0
10310_1,0,0
12350_10,1,1
532_8,0,1
11145_8,1,1
75_10,0,1
6137_3,0,0
1637_2,0,0
12327_10,1,1
2177_7,1,1
1879_1,0,0
8745_2,0,0
3099_8,1,1
7354_4,0,0
10103_1,0,0
3296_10,1,1
8494_9,1,1
3423_4,1,0
7609_8,0,1
4265_10,1,1
1872_7,1,1
10987_10,1,1
2849_7,1,1
628_1,0,0
1391_1,0,0
7456_1,0,0
12150_1,0,0
7718_9,1,1
5787_3,0,0
12162_8,0,1
11670_7,0,1
1784_8,0,1
7483_8,1,1
9564_9,1,1
10832_9,1,1
12230_1,0,0
2291_8,1,1
8416_3,1,0
9486_10,1,1
8153_10,1,1
5164_10,0,1
6347_8,1,1
7773_2,0,0
12215_1,0,0
10039_8,0,1
9803_9,1,1
1589_1,0,0
1615_9,1,1
119_3,0,0
623_8,1,1
10427_1,0,0
11697_4,0,0
6168_2,0,0
2658_3,0,0
1841_4,0,0
10572_1,0,0
6964_8,0,1
5172_1,0,0
989_7,0,1
159_10,0,1
5240_1,0,0
11777_1,0,0
8350_3,0,0
2565_1,0,0
7694_10,0,1
7759_1,0,0
3003_4,0,0
7128_2,0,0
8147_4,0,0
6595_9,0,1
8949_3,0,0
9848_4,0,0
7496_8,1,1
11857_10,1,1
3237_1,0,0
5404_1,0,0
10699_8,1,1
6138_4,0,0
909_4,1,0
11833_10,1,1
11817_10,1,1
171_2,0,0
2517_7,1,1
10307_7,1,1
370_2,0,0
5995_8,1,1
4612_1,0,0
6561_8,1,1
7454_1,0,0
2951_2,0,0
8860_1,0,0
411_3,0,0
664_3,0,0
4345_10,0,1
4452_1,0,0
2833_2,0,0
10374_3,1,0
9322_1,0,0
9923_3,0,0
8687_3,0,0
7567_9,0,1
137_3,0,0
7872_1,0,0
6968_4,0,0
1540_10,0,1
9157_10,1,1
4102_10,1,1
6645_1,0,0
7630_10,0,1
3958_9,1,1
11437_9,1,1
6982_1,0,0
4870_2,0,0
3545_7,1,1
204_1,0,0
6844_10,0,1
4736_1,0,0
9120_9,1,1
1608_1,0,0
1251_10,1,1
12315_10,1,1
11754_10,1,1
2399_3,0,0
11499_8,1,1
3870_10,1,1
5503_10,1,1
4045_10,1,1
3063_1,0,0
10914_7,0,1
8509_10,1,1
5872_1,0,0
5729_4,0,0
10865_2,0,0
10218_4,1,0
2096_4,0,0
11344_1,0,0
10623_2,0,0
11241_10,0,1
7254_2,0,0
7892_1,0,0
3472_8,1,1
11637_4,0,0
11853_9,1,1
1096_7,1,1
8508_3,0,0
9400_10,1,1
1128_10,1,1
5989_10,1,1
8021_1,0,0
7860_10,1,1
1131_10,0,1
5589_1,0,0
5662_8,1,1
2161_7,1,1
323_10,0,1
2431_1,0,0
10147_7,1,1
2956_7,1,1
12005_3,0,0
477_2,0,0
202_9,1,1
5710_10,1,1
2262_7,1,1
7103_8,0,1
10237_3,1,0
12151_1,0,0
7485_2,0,0
2438_10,1,1
4069_2,0,0
5593_2,0,0
11163_1,0,0
6754_10,1,1
9147_2,0,0
9614_10,1,1
4427_7,1,1
1382_1,0,0
11132_7,1,1
6371_3,0,0
11221_4,0,0
10071_2,0,0
4936_2,0,0
1797_3,0,0
6692_4,1,0
5816_1,0,0
6163_2,0,0
2042_8,0,1
856_3,0,0
1233_10,1,1
9537_10,1,1
9504_9,0,1
788_10,0,1
3399_8,1,1
7142_4,0,0
10371_4,0,0
760_7,1,1
3614_10,1,1
3314_1,0,0
3447_10,0,1
12240_10,0,1
10083_10,1,1
9936_10,0,1
7651_10,1,1
1470_1,0,0
2703_7,0,1
5637_10,0,1
6102_1,0,0
8991_8,0,1
9606_10,0,1
10568_4,0,0
7126_10,0,1
4203_10,1,1
4486_2,0,0
3408_9,1,1
2867_8,1,1
7338_8,1,1
8065_4,0,0
2510_3,0,0
2110_7,0,1
4097_4,0,0
7484_8,0,1
5789_10,0,1
8070_2,0,0
867_2,0,0
1364_3,1,0
10654_2,0,0
12417_4,0,0
10470_10,1,1
6544_10,0,1
8904_8,1,1
10282_2,0,0
497_9,1,1
2659_10,1,1
9609_7,1,1
3010_3,1,0
9134_1,0,0
8990_1,0,0
6960_4,0,0
9566_9,0,1
7923_4,0,0
4542_10,1,1
7185_3,0,0
1918_10,1,1
2316_8,0,1
5846_10,0,1
1023_10,1,1
7141_7,0,1
3724_10,1,1
3617_2,0,0
7095_1,0,0
12201_10,1,1
10309_2,0,0
5584_8,1,1
2063_10,1,1
10874_1,0,0
4084_2,0,0
2765_1,0,0
11390_3,0,0
4676_1,0,0
2130_7,0,1
12032_7,0,1
9671_3,0,0
816_7,1,1
11320_8,0,1
1458_8,1,1
1938_7,1,1
2861_8,0,1
5768_9,1,1
5049_9,1,1
8083_1,0,0
4825_1,0,0
1740_9,1,1
3034_10,0,1
9977_7,0,1
8459_10,0,1
1103_10,0,1
3783_10,1,1
754_2,0,0
5580_10,1,1
3472_2,0,0
2640_3,0,0
5400_2,0,0
5881_10,1,1
10970_4,1,0
8842_1,0,0
5336_8,0,1
1398_1,0,0
12310_10,1,1
6012_8,1,1
1508_7,1,1
2981_8,1,1
576_8,1,1
9683_7,0,1
10336_1,0,0
3345_3,0,0
7683_7,0,1
6366_9,1,1
6741_9,1,1
11396_2,0,0
4964_10,1,1
12285_10,1,1
11018_9,0,1
3902_9,1,1
4147_8,0,1
1748_10,1,1
10084_3,0,0
3265_7,1,1
6160_1,0,0
2984_10,0,1
1305_1,0,0
9075_4,0,0
11710_7,1,1
2443_10,1,1
938_10,0,1
1392_7,0,1
10406_8,0,1
4302_7,1,1
2836_8,1,1
2365_3,0,0
98_1,0,0
8325_10,1,1
300_9,1,1
7667_1,0,0
4313_10,0,1
12450_3,0,0
8582_1,0,0
11325_9,0,1
8482_1,0,0
7304_8,1,1
9439_1,0,0
2656_10,1,1
4306_3,0,0
10079_1,0,0
11172_1,0,0
6095_9,1,1
5698_1,0,0
35_1,0,0
6043_3,0,0
2261_1,0,0
4784_10,0,1
10936_7,1,1
5316_10,1,1
8361_8,0,1
10373_2,0,0
500_10,1,1
371_4,0,0
3434_4,0,0
3654_2,0,0
11280_2,0,0
6542_9,0,1
10313_10,1,1
7267_1,0,0
11897_3,0,0
7321_2,0,0
1516_7,0,1
1640_1,0,0
9456_10,0,1
2769_10,0,1
6280_7,1,1
12399_10,1,1
6206_7,1,1
8836_4,0,0
5254_9,0,1
10903_1,0,0
3966_10,0,1
4048_10,1,1
1528_9,1,1
6219_10,1,1
8280_4,0,0
7974_10,0,1
6956_8,1,1
5975_10,1,1
6759_10,1,1
963_2,0,0
12158_10,0,1
148_1,0,0
8831_1,0,0
11556_9,0,1
9038_10,1,1
4421_10,1,1
5236_8,0,1
3753_10,0,1
9334_3,1,0
2444_4,0,0
2890_3,0,0
9132_9,0,1
11413_10,1,1
3424_4,0,0
1258_3,0,0
5277_10,1,1
706_10,1,1
3527_10,1,1
4081_9,1,1
3895_2,0,0
11528_2,0,0
7285_9,1,1
12339_7,1,1
729_1,0,0
6291_1,0,0
12296_9,0,1
5913_10,1,1
7770_10,1,1
9546_2,0,0
2383_4,1,0
6802_7,1,1
5445_2,0,0
687_3,0,0
9982_8,1,1
11830_10,0,1
4271_1,0,0
7279_10,1,1
1599_7,0,1
10880_10,1,1
2838_10,1,1
4234_9,0,1
7674_2,0,0
6156_8,1,1
11657_4,0,0
11738_2,0,0
11962_8,0,1
10966_8,1,1
6421_1,0,0
1476_3,0,0
7022_8,1,1
11500_8,1,1
6263_2,0,0
8989_9,0,1
2395_9,0,1
9311_1,0,0
6386_4,0,0
91_4,0,0
3759_3,0,0
11766_2,0,0
11290_7,1,1
5627_3,0,0
3278_1,0,0
9682_9,0,1
11894_1,0,0
10387_9,1,1
884_8,1,1
8408_2,0,0
5772_2,0,0
11422_1,0,0
9709_1,1,0
701_8,1,1
2721_8,0,1
4875_3,0,0
6356_1,0,0
7446_3,0,0
2440_4,0,0
9732_1,0,0
9109_10,1,1
7578_2,0,0
11017_8,0,1
12498_1,0,0
4942_2,0,0
4939_10,0,1
8451_4,0,0
6274_1,0,0
11635_4,0,0
8931_1,0,0
109_4,1,0
11744_7,1,1
5351_4,0,0
1120_9,1,1
10494_2,0,0
5317_10,1,1
6139_2,0,0
12322_8,1,1
11239_3,0,0
4815_7,1,1
11979_10,0,1
254_10,1,1
10286_3,0,0
6457_10,1,1
4662_8,1,1
6298_4,0,0
2704_4,0,0
11313_10,0,1
187_10,1,1
1166_1,0,0
12126_3,0,0
1813_9,0,1
6282_10,1,1
10525_7,0,1
8887_1,0,0
11605_7,0,1
6533_1,0,0
1210_8,1,1
11904_8,0,1
10659_10,1,1
7004_4,0,0
10260_10,1,1
11997_7,1,1
7850_4,1,0
2085_3,0,0
11839_1,0,0
419_9,1,1
4157_10,1,1
8253_8,0,1
11268_2,0,0
12119_10,1,1
10259_10,0,1
978_1,0,0
6848_4,1,0
9368_4,0,0
7863_9,0,1
4157_3,0,0
4184_10,0,1
2888_1,0,0
8073_4,0,0
1755_1,0,0
7688_2,0,0
5966_7,1,1
10673_9,1,1
4110_7,0,1
699_9,1,1
9240_2,0,0
3651_10,1,1
3933_7,1,1
2960_7,1,1
10664_1,0,0
358_9,1,1
11200_10,0,1
4471_8,1,1
11661_2,0,0
12304_1,0,0
2442_4,1,0
7134_9,0,1
4214_2,0,0
4869_8,0,1
6372_1,0,0
10236_4,0,0
12189_1,0,0
9715_8,1,1
5751_10,0,1
166_7,0,1
11889_2,0,0
5098_1,1,0
8126_7,1,1
9302_7,1,1
10430_10,1,1
445_9,1,1
4550_10,1,1
10995_10,1,1
7154_1,0,0
3983_3,0,0
1446_9,1,1
865_10,1,1
3012_1,0,0
3562_3,0,0
2551_1,0,0
6440_1,0,0
10241_10,1,1
1542_7,0,1
1405_2,0,0
11835_10,1,1
4023_3,0,0
1287_1,0,0
11059_2,0,0
2583_8,0,1
1550_2,0,0
11382_3,0,0
5567_10,1,1
11033_1,0,0
5543_1,0,0
8631_10,0,1
10871_1,0,0
6955_9,1,1
6254_4,0,0
2179_4,0,0
7559_8,1,1
12431_8,1,1
279_10,1,1
2127_8,1,1
3803_10,1,1
12200_1,0,0
3480_9,0,1
5156_8,1,1
1718_2,0,0
12145_9,1,1
1560_4,0,0
11646_1,0,0
10378_4,0,0
8281_3,0,0
10393_9,0,1
1402_4,1,0
3958_4,0,0
3676_1,0,0
3709_1,0,0
10668_7,1,1
11972_1,0,0
4842_1,0,0
1889_8,0,1
3990_1,0,0
6467_7,1,1
5928_4,0,0
4639_10,0,1
4748_8,1,1
5417_10,1,1
2351_4,0,0
4365_1,0,0
3591_2,0,0
5914_10,1,1
8099_2,0,0
5510_1,0,0
314_10,1,1
8544_10,0,1
3799_1,0,0
5650_2,0,0
1646_7,0,1
11586_9,1,1
2389_9,1,1
908_3,0,0
654_9,1,1
6323_9,0,1
3014_7,0,1
11312_9,0,1
5457_3,0,0
6071_3,0,0
12459_1,0,0
8639_4,0,0
3600_8,1,1
9052_3,0,0
528_1,0,0
7692_1,0,0
6885_3,0,0
11395_4,0,0
11763_1,0,0
3631_1,0,0
4296_3,0,0
4810_3,0,0
6660_2,0,0
850_7,1,1
6731_10,1,1
12129_1,0,0
11525_7,1,1
5782_10,0,1
4613_2,0,0
4460_8,0,1
2992_10,0,1
570_9,0,1
5908_4,0,0
4677_4,0,0
5791_10,1,1
5718_10,1,1
12453_10,0,1
8364_8,0,1
7761_10,1,1
3459_1,0,0
9169_1,0,0
12022_2,0,0
10869_1,0,0
4997_1,0,0
2430_8,1,1
5011_4,0,0
3011_1,0,0
8425_3,0,0
6517_8,1,1
9300_9,1,1
840_8,0,1
2662_10,1,1
2724_1,0,0
5654_10,1,1
5574_10,0,1
5606_3,0,0
7717_8,1,1
11202_10,1,1
6889_10,1,1
3712_10,1,1
3042_3,0,0
7858_8,1,1
4902_8,1,1
11885_1,0,0
7582_1,0,0
8450_7,1,1
9368_9,0,1
7616_8,1,1
4443_3,0,0
2344_1,0,0
11861_9,0,1
7738_8,0,1
327_10,1,1
8175_4,1,0
10189_10,1,1
8691_1,0,0
12236_2,0,0
7341_3,1,0
3261_1,0,0
8809_4,0,0
3735_3,0,0
9339_8,0,1
8242_4,1,0
6787_4,0,0
4379_4,0,0
5967_4,1,0
5568_8,0,1
4579_4,0,0
7066_1,0,0
12323_1,0,0
2673_9,0,1
2639_7,1,1
8323_10,1,1
246_10,1,1
653_1,0,0
2407_1,0,0
2795_1,0,0
11793_4,0,0
2848_4,0,0
6040_4,0,0
9388_2,0,0
909_10,1,1
2567_2,0,0
4473_8,0,1
4451_3,0,0
10296_1,0,0
5111_7,0,1
8281_9,1,1
4957_8,0,1
8249_1,0,0
1572_3,0,0
5718_2,1,0
5959_3,0,0
3013_9,1,1
3544_1,0,0
11250_10,1,1
5162_9,0,1
8872_9,0,1
11122_8,1,1
991_4,0,0
6322_9,1,1
7065_8,0,1
9704_7,0,1
4317_9,0,1
11622_10,1,1
10725_7,1,1
6549_1,0,0
9062_3,0,0
10253_7,1,1
4035_9,0,1
5437_1,0,0
1779_1,0,0
8740_2,0,0
10175_7,1,1
5331_4,0,0
9506_3,0,0
11199_4,0,0
9948_2,0,0
252_9,1,1
1094_3,0,0
9145_3,0,0
506_8,0,1
7126_1,0,0
3317_1,0,0
11439_4,0,0
6583_1,0,0
2805_8,1,1
1841_10,1,1
2698_3,0,0
6956_4,0,0
7664_8,1,1
97_1,0,0
4588_9,0,1
5220_1,0,0
45_2,0,0
5812_4,1,0
6625_8,0,1
2816_9,0,1
11463_1,0,0
158_9,1,1
6633_1,0,0
1184_10,0,1
3967_1,0,0
6653_7,1,1
6093_1,0,0
2932_7,0,1
1522_1,0,0
2529_1,0,0
1475_1,0,0
2027_8,1,1
1854_1,0,0
6269_10,0,1
2184_7,0,1
4923_3,0,0
10827_9,1,1
10885_10,1,1
3281_1,0,0
1468_7,1,1
104_1,0,0
3898_3,0,0
10973_7,1,1
8900_7,1,1
10735_1,0,0
4992_1,0,0
368_8,1,1
6709_4,0,0
10453_1,0,0
139_4,0,0
12079_1,0,0
7001_4,0,0
10533_3,0,0
2307_8,1,1
7241_9,1,1
7717_3,0,0
6223_2,0,0
9500_2,0,0
669_10,0,1
1596_3,0,0
3576_7,1,1
8263_8,1,1
6832_4,0,0
5158_9,1,1
5899_10,1,1
5794_4,1,0
8854_10,1,1
11036_7,0,1
8803_3,0,0
5733_4,0,0
5268_10,1,1
12297_2,0,0
6862_1,0,0
5515_3,0,0
3382_10,1,1
6738_2,0,0
3832_1,0,0
10210_7,1,1
12080_3,0,0
7748_2,0,0
4788_1,0,0
182_10,1,1
4478_4,0,0
6544_1,0,0
2705_7,1,1
10334_1,0,0
10374_10,0,1
2031_1,0,0
4671_7,1,1
6231_9,0,1
9077_3,0,0
6381_1,0,0
216_2,0,0
9956_4,0,0
10882_9,1,1
6192_10,0,1
10442_8,1,1
3199_10,0,1
7649_3,0,0
1793_9,1,1
7987_1,0,0
1678_1,0,0
8176_4,0,0
4674_2,0,0
5751_3,1,0
6904_9,1,1
8869_1,0,0
6844_2,0,0
8744_2,0,0
5430_3,0,0
1556_9,0,1
10830_9,1,1
5642_8,1,1
3337_1,0,0
5339_1,0,0
9198_1,0,0
5759_10,0,1
10632_9,1,1
2067_9,0,1
3442_10,1,1
3341_4,0,0
9055_4,0,0
5793_8,1,1
896_8,0,1
1804_2,0,0
1134_8,0,1
5532_8,1,1
2453_9,1,1
8113_2,0,0
12046_10,1,1
11873_8,1,1
4525_8,1,1
10377_2,0,0
2008_1,0,0
10288_1,0,0
1083_7,0,1
2415_2,0,0
6688_9,1,1
4448_9,0,1
9407_10,1,1
3976_4,0,0
3930_8,0,1
3950_10,0,1
5645_3,0,0
6064_9,1,1
8064_1,0,0
3643_1,0,0
10321_1,0,0
5858_1,0,0
8535_9,0,1
3643_7,0,1
10041_1,0,0
11014_10,0,1
11776_4,0,0
8227_7,1,1
11445_8,1,1
8756_10,1,1
9328_10,1,1
11734_10,1,1
10118_1,0,0
9690_2,0,0
7713_8,1,1
545_7,0,1
10603_8,0,1
5925_9,1,1
3105_1,0,0
10134_4,0,0
6354_2,0,0
9866_2,0,0
7553_10,1,1
11324_2,0,0
10532_1,0,0
439_1,0,0
11265_10,1,1
6568_8,1,1
9218_3,0,0
1939_2,0,0
4215_7,0,1
9968_10,1,1
12022_10,1,1
897_8,0,1
7129_8,0,1
7414_4,0,0
8118_9,1,1
6179_4,0,0
10124_8,1,1
7379_7,1,1
1075_9,1,1
2594_3,0,0
11482_4,0,0
7675_10,1,1
3127_8,1,1
7440_10,1,1
10215_10,1,1
5098_10,1,1
10534_2,0,0
12364_7,0,1
5191_1,0,0
4179_9,1,1
1433_3,0,0
12177_8,1,1
9519_8,1,1
5781_7,0,1
10031_8,0,1
2631_4,0,0
195_4,0,0
11432_7,1,1
3952_10,1,1
5805_2,0,0
5555_10,1,1
7161_4,0,0
1399_1,0,0
8332_3,0,0
2132_2,0,0
12031_1,0,0
8480_1,0,0
11103_4,0,0
12124_3,0,0
12072_9,1,1
9371_9,0,1
2144_4,0,0
5668_10,1,1
11790_10,1,1
6933_7,0,1
4932_10,1,1
216_10,1,1
5862_7,1,1
11669_3,0,0
7488_4,0,0
6402_10,0,1
3244_9,1,1
5108_7,1,1
10854_1,0,0
3404_10,1,1
4282_7,0,1
483_10,0,1
2110_4,0,0
6199_8,0,1
7942_10,1,1
314_2,0,0
6395_3,0,0
274_1,0,0
3421_2,0,0
4100_1,0,0
9232_1,0,0
7152_10,1,1
10721_7,1,1
3565_3,0,0
4223_1,0,0
3543_10,1,1
1256_7,0,1
6567_2,0,0
10658_9,0,1
1381_1,0,0
2591_1,0,0
4775_2,0,0
1743_8,1,1
3004_1,0,0
11712_7,0,1
2966_2,0,0
3139_1,0,0
989_4,0,0
2141_1,0,0
8224_1,0,0
10222_8,0,1
6540_1,0,0
7427_10,1,1
5519_1,1,0
945_2,0,0
3996_3,0,0
10202_9,1,1
1328_9,1,1
11425_2,1,0
1252_4,0,0
10086_1,0,0
3946_3,0,0
11834_8,1,1
10710_1,0,0
1858_8,1,1
1532_10,1,1
7082_10,1,1
9813_10,1,1
38_1,0,0
271_4,0,0
7184_1,0,0
11866_10,0,1
5983_1,0,0
5026_10,1,1
9030_1,0,0
11133_1,0,0
10130_2,0,0
8357_2,0,0
9824_1,0,0
7264_4,1,0
12449_2,0,0
1735_1,0,0
618_7,1,1
6421_7,0,1
6294_4,0,0
2174_2,0,0
5985_2,0,0
7121_10,0,1
7912_7,1,1
5015_1,0,0
6476_2,0,0
9954_8,1,1
10122_10,1,1
9334_9,0,1
11751_3,0,0
11607_7,1,1
11310_10,1,1
300_1,0,0
6520_4,0,0
6735_10,1,1
10008_8,0,1
7817_7,1,1
3634_10,1,1
5927_2,0,0
3414_3,0,0
12266_1,0,0
11276_7,1,1
5478_3,0,0
6992_1,0,0
8039_8,1,1
11491_4,0,0
7823_7,1,1
8662_9,1,1
9921_2,0,0
2058_9,0,1
3321_9,0,1
8634_7,1,1
2161_4,1,0
3441_9,1,1
10096_1,0,0
774_4,0,0
12086_9,1,1
1968_8,0,1
3269_1,0,0
2988_10,1,1
853_1,0,0
5303_10,1,1
11628_10,1,1
7772_2,0,0
2712_1,0,0
7362_4,0,0
3681_2,0,0
2066_1,0,0
7089_3,0,0
7393_10,0,1
7284_1,0,0
12199_7,0,1
3512_1,0,0
4349_2,0,0
11825_1,0,0
8351_3,0,0
467_3,0,0
2523_10,0,1
12078_8,1,1
1418_10,1,1
6552_10,1,1
10070_10,1,1
10031_2,0,0
7179_2,0,0
4533_1,0,0
11788_10,1,1
833_3,0,0
9777_1,0,0
6930_7,0,1
2310_10,1,1
2924_8,1,1
7252_10,1,1
10216_10,1,1
104_10,0,1
4283_4,0,0
6351_4,0,0
1272_4,0,0
11226_9,1,1
3342_10,0,1
3326_9,1,1
3541_8,1,1
8142_10,1,1
6491_10,0,1
2125_10,1,1
7008_10,1,1
5347_9,0,1
8420_9,0,1
10767_3,0,0
12094_1,0,0
11904_1,0,0
2635_1,0,0
4074_10,0,1
2470_1,0,0
5888_3,0,0
9164_4,1,0
11312_1,0,0
2588_3,0,0
9177_1,0,0
10361_9,1,1
9216_10,1,1
5754_3,0,0
12314_10,1,1
9044_3,0,0
5677_2,0,0
6664_4,0,0
2308_3,0,0
7377_3,1,0
9149_8,0,1
5244_3,0,0
10656_3,0,0
10885_1,0,0
4296_9,1,1
1770_2,0,0
4940_10,1,1
3984_10,1,1
2976_10,1,1
2767_1,0,0
11848_2,0,0
3096_10,1,1
9792_3,0,0
9785_10,0,1
10264_8,0,1
12277_7,0,1
8110_8,1,1
10396_8,1,1
3233_2,0,0
1903_1,0,0
4743_10,1,1
1417_9,1,1
2662_1,0,0
11231_4,1,0
9747_10,1,1
27_4,0,0
3310_2,0,0
3212_10,1,1
5608_3,0,0
1241_4,0,0
5543_7,0,1
7945_9,1,1
3705_7,1,1
1598_10,0,1
4273_10,1,1
5985_9,0,1
531_2,0,0
6744_7,1,1
10270_1,0,0
11199_9,1,1
9755_4,0,0
12080_10,1,1
5600_10,1,1
12216_10,0,1
10783_4,1,0
3307_1,0,0
10954_7,0,1
9959_4,0,0
10223_10,1,1
12130_1,1,0
11939_7,0,1
12318_10,1,1
6204_10,1,1
2927_9,1,1
2779_10,1,1
3661_1,0,0
9068_3,0,0
1970_2,0,0
7539_10,0,1
9241_3,0,0
9350_3,0,0
7885_8,1,1
1078_9,1,1
6062_2,0,0
1215_10,0,1
1561_3,0,0
2159_1,0,0
8637_10,1,1
8375_4,0,0
2864_1,0,0
186_9,1,1
1669_9,1,1
6936_9,0,1
7541_3,0,0
1515_7,0,1
5039_7,1,1
9269_1,0,0
4965_10,1,1
10028_3,0,0
3547_4,0,0
6070_10,1,1
11334_7,1,1
4980_7,0,1
5063_2,0,0
11637_8,0,1
310_1,0,0
9847_1,0,0
4433_9,1,1
4535_1,0,0
11209_10,1,1
242_3,0,0
6150_7,0,1
7499_2,0,0
10073_7,0,1
7352_3,0,0
6616_2,0,0
2148_1,0,0
322_1,0,0
638_1,0,0
3236_10,0,1
11913_7,0,1
7188_4,0,0
3999_2,0,0
1397_1,0,0
11768_8,0,1
10301_2,0,0
7486_10,0,1
7915_2,0,0
103_10,1,1
2249_1,1,0
11559_9,1,1
11374_4,0,0
7639_3,0,0
11922_3,0,0
6068_10,1,1
7681_3,1,0
3097_1,0,0
10233_3,0,0
9111_1,0,0
7240_2,0,0
10394_9,1,1
792_2,0,0
440_1,0,0
11141_1,0,0
7488_7,1,1
2731_4,0,0
11632_10,0,1
7577_3,0,0
12047_8,1,1
7055_8,1,1
394_9,1,1
777_2,0,0
6460_8,1,1
10412_2,0,0
9910_8,0,1
826_8,0,1
7381_1,0,0
1700_8,0,1
1131_2,0,0
6796_10,1,1
7084_8,1,1
5735_1,0,0
6290_7,1,1
10506_8,1,1
2276_8,1,1
6221_1,1,0
1404_4,0,0
1440_1,0,0
8199_9,1,1
1145_2,0,0
5546_4,1,0
816_3,1,0
10535_10,1,1
2_3,0,0
6735_1,0,0
2684_4,0,0
1765_10,1,1
4346_7,0,1
1157_9,0,1
4216_1,0,0
3937_8,1,1
11140_10,1,1
1635_1,0,0
4457_10,1,1
7250_8,1,1
3801_7,0,1
7892_10,1,1
11022_8,1,1
5856_7,0,1
345_7,0,1
10809_3,0,0
9474_4,0,0
5775_10,0,1
2845_3,0,0
1383_10,0,1
9171_7,0,1
10866_9,1,1
12161_8,1,1
9118_1,0,0
9122_8,1,1
5142_1,0,0
2798_9,0,1
2260_8,1,1
11677_10,1,1
2788_1,0,0
8896_8,1,1
7685_10,1,1
760_1,0,0
7811_4,0,0
1964_8,1,1
5059_10,0,1
4568_1,0,0
7475_1,0,0
11400_3,0,0
6082_3,0,0
7961_4,0,0
7502_8,1,1
11351_10,1,1
9851_8,1,1
1172_1,0,0
1815_10,1,1
6218_8,0,1
9628_9,0,1
2312_3,0,0
5014_10,1,1
7845_8,1,1
4468_9,0,1
2247_10,1,1
4408_10,1,1
2957_2,1,0
4716_1,0,0
9909_1,0,0
8611_1,0,0
5055_10,1,1
5828_10,0,1
1147_1,0,0
11716_10,0,1
5289_8,1,1
5566_10,1,1
3389_2,0,0
6169_4,0,0
12019_10,1,1
4136_7,1,1
2421_3,0,0
607_10,1,1
4084_8,0,1
7333_1,0,0
8208_7,0,1
2971_10,1,1
7508_1,0,0
988_8,1,1
1124_8,1,1
3658_10,1,1
5155_7,0,1
11362_2,0,0
8776_10,1,1
7294_10,1,1
10853_8,1,1
871_10,1,1
11513_1,0,0
5605_10,1,1
1235_8,1,1
623_2,0,0
1271_2,1,0
7590_7,1,1
5075_4,0,0
6175_4,0,0
10629_1,0,0
1474_7,1,1
9077_9,0,1
11630_7,0,1
11060_2,0,0
664_9,0,1
4778_10,1,1
3535_1,0,0
1130_1,0,0
10718_1,0,0
3334_1,0,0
7133_2,0,0
12073_1,0,0
7877_10,1,1
12286_10,0,1
8675_4,0,0
8968_7,1,1
8118_1,0,0
12109_10,1,1
6476_8,1,1
12248_2,0,0
9444_1,0,0
9932_10,0,1
6863_9,1,1
7810_1,0,0
5463_1,0,0
8385_10,1,1
5560_3,0,0
12391_2,0,0
3644_9,0,1
1225_1,0,0
375_1,0,0
11515_7,1,1
3812_1,0,0
10747_1,0,0
8059_8,1,1
633_1,0,0
9189_10,1,1
11404_8,0,1
11871_8,0,1
2883_8,1,1
9048_4,0,0
1066_1,0,0
630_3,0,0
61_9,1,1
9264_10,1,1
5132_9,1,1
5796_9,1,1
11232_2,0,0
327_1,0,0
9787_8,1,1
7780_2,0,0
2533_2,0,0
7349_10,1,1
2593_1,0,0
4672_8,1,1
11191_10,0,1
1301_1,0,0
10632_4,0,0
10750_1,0,0
2621_2,0,0
12045_4,1,0
4276_10,1,1
9960_2,0,0
3307_8,0,1
3007_10,0,1
7204_9,1,1
3988_7,1,1
4129_8,1,1
2071_1,0,0
7310_3,0,0
855_9,1,1
5380_1,0,0
5067_2,0,0
6320_2,0,0
1019_3,0,0
8216_2,0,0
3814_7,1,1
7888_4,1,0
3419_2,0,0
3039_8,1,1
12039_4,0,0
1191_7,1,1
2361_1,0,0
8291_10,1,1
4954_3,0,0
12430_1,0,0
7634_7,1,1
11902_10,1,1
1603_10,0,1
9395_8,0,1
9384_2,0,0
11687_1,0,0
4148_3,1,0
171_7,1,1
11814_4,0,0
8124_3,0,0
11387_1,0,0
3249_9,1,1
3591_10,1,1
10171_8,1,1
1100_9,1,1
7144_4,1,0
8060_9,0,1
11063_10,1,1
3481_2,0,0
7413_4,0,0
11121_2,0,0
4700_2,0,0
1566_4,0,0
11731_3,0,0
7346_10,1,1
7890_10,0,1
11704_10,1,1
4635_10,0,1
2369_8,0,1
9655_10,1,1
2115_2,0,0
6408_7,0,1
10470_1,0,0
11512_8,1,1
11523_7,1,1
10379_3,0,0
9164_9,1,1
3150_1,0,0
2880_3,0,0
1608_7,1,1
2406_9,1,1
260_10,1,1
10658_3,0,0
10609_1,0,0
6861_7,1,1
10058_2,0,0
11618_10,0,1
3727_4,0,0
1924_10,1,1
7471_1,0,0
1856_7,0,1
10132_3,1,0
4010_2,0,0
11752_2,0,0
11122_2,0,0
11065_1,0,0
1211_1,0,0
8973_7,0,1
1888_9,0,1
8521_8,1,1
6671_4,0,0
4241_3,0,0
10925_4,0,0
4030_2,0,0
9410_1,0,0
10004_2,0,0
599_1,0,0
8656_1,0,0
10087_7,0,1
5118_10,1,1
9780_4,0,0
586_2,0,0
6464_4,0,0
7482_1,0,0
11075_8,0,1
11984_1,0,0
6808_9,1,1
6178_10,1,1
12196_7,0,1
7771_10,1,1
10801_1,0,0
1243_2,0,0
4028_2,0,0
700_4,0,0
758_10,1,1
5393_8,0,1
3552_4,1,0
3440_10,0,1
12357_7,1,1
10850_2,0,0
5083_10,0,1
790_10,0,1
302_3,0,0
11160_3,0,0
1170_1,0,0
6341_3,0,0
289_1,0,0
3075_7,0,1
12016_7,1,1
5998_3,0,0
5295_1,0,0
9712_2,0,0
9689_10,1,1
9441_1,0,0
7426_10,1,1
612_9,1,1
4331_8,1,1
1016_7,0,1
4463_7,0,1
9520_1,0,0
1557_10,0,1
6277_1,0,0
2279_3,0,0
11591_10,1,1
3503_1,0,0
9814_1,0,0
11342_4,0,0
5133_1,0,0
11189_10,1,1
2343_8,1,1
2234_7,1,1
926_4,0,0
9829_2,0,0
3338_7,0,1
4272_9,1,1
4826_1,0,0
10529_3,0,0
12398_1,0,0
6965_10,0,1
10737_9,1,1
9356_1,0,0
2087_3,0,0
5802_4,0,0
6514_8,1,1
11607_4,0,0
9117_4,0,0
2011_10,0,1
11952_4,0,0
8753_4,0,0
5338_8,0,1
10799_3,0,0
6388_3,0,0
4667_1,0,0
11302_9,1,1
6587_4,0,0
6822_8,1,1
9725_10,1,1
7237_10,0,1
7710_1,0,0
6090_1,0,0
9864_4,0,0
9759_1,0,0
8926_10,0,1
2454_1,0,0
4364_1,0,0
10672_1,0,0
7703_4,0,0
7289_1,0,0
6370_2,1,0
8898_7,1,1
245_8,1,1
7786_2,0,0
12092_8,1,1
12495_3,0,0
2762_2,0,0
11009_1,0,0
7735_1,0,0
5377_8,0,1
6074_3,0,0
2133_1,0,0
2291_1,0,0
767_1,0,0
2677_3,0,0
5801_2,0,0
11416_7,1,1
7083_3,0,0
7268_1,0,0
8613_1,0,0
446_10,1,1
6513_7,1,1
11229_4,0,0
11155_4,0,0
10298_9,1,1
1521_8,1,1
5682_1,0,0
11575_3,0,0
10144_1,0,0
5819_10,1,1
7287_4,0,0
11507_10,1,1
10458_7,1,1
5935_1,0,0
4126_1,0,0
3777_10,0,1
1720_3,0,0
11112_2,0,0
6222_9,1,1
8019_1,0,0
10067_4,0,0
5991_9,1,1
10203_10,1,1
2485_1,0,0
5910_2,0,0
3940_9,1,1
9140_10,0,1
9558_10,1,1
4582_7,0,1
3323_1,0,0
5038_4,0,0
12405_10,0,1
11620_4,0,0
8774_7,1,1
10164_9,1,1
4112_3,0,0
629_7,0,1
2732_7,0,1
4356_3,0,0
514_9,1,1
168_1,0,0
7157_1,0,0
11193_7,0,1
12163_1,0,0
259_2,0,0
9977_1,0,0
5169_10,1,1
7439_10,1,1
10261_1,0,0
6623_7,1,1
2834_9,1,1
2930_10,0,1
3232_10,0,1
533_10,1,1
6006_4,0,0
9029_4,0,0
7738_4,0,0
52_4,0,0
374_4,0,0
4502_1,0,0
10309_8,1,1
7541_8,1,1
1874_1,1,0
6884_1,0,0
7285_1,0,0
3385_2,0,0
7078_2,0,0
10788_10,0,1
6361_7,1,1
5761_10,0,1
8946_1,0,0
393_1,0,0
458_4,0,0
7435_10,1,1
10816_2,0,0
1606_10,1,1
1742_3,0,0
7167_8,0,1
1249_9,0,1
473_9,0,1
3475_9,1,1
2316_3,0,0
3739_2,0,0
4746_9,1,1
9924_8,0,1
2202_8,1,1
11531_1,0,0
11138_7,1,1
3402_1,0,0
4547_10,1,1
2786_2,0,0
1570_8,0,1
3095_3,0,0
4745_1,0,0
165_4,0,0
1578_4,0,0
495_10,1,1
12414_1,0,0
1383_1,0,0
10438_3,0,0
812_3,0,0
9588_9,1,1
7785_10,1,1
11169_4,0,0
7476_10,1,1
8196_1,0,0
6526_7,0,1
1695_3,0,0
11077_10,1,1
7642_7,1,1
7618_3,1,0
353_10,1,1
210_9,0,1
9455_10,1,1
520_2,0,0
7615_10,1,1
7475_9,0,1
6894_7,1,1
8622_2,0,0
11149_3,0,0
6154_3,0,0
2514_7,0,1
4359_1,0,0
8797_4,0,0
10023_8,0,1
1212_4,1,0
9985_1,0,0
4182_1,0,0
10662_10,1,1
3907_7,1,1
11342_10,1,1
1483_3,0,0
10510_7,0,1
8522_2,0,0
6049_4,0,0
2687_9,1,1
9766_7,1,1
6792_1,0,0
5990_10,1,1
11699_2,0,0
3446_4,0,0
10448_7,0,1
5629_1,0,0
2831_1,0,0
4351_10,1,1
2547_1,0,0
2778_2,0,0
7307_10,1,1
11148_3,0,0
907_3,0,0
2184_1,0,0
2030_8,1,1
11051_4,0,0
9150_4,0,0
12418_7,1,1
10724_10,1,1
8876_8,1,1
1620_7,0,1
12423_9,0,1
3642_1,0,0
10214_10,1,1
4575_3,0,0
2692_7,0,1
3919_1,0,0
11971_8,0,1
11676_10,0,1
8047_1,0,0
4009_8,0,1
7929_9,0,1
2432_10,1,1
8933_8,1,1
1375_1,0,0
1861_7,1,1
10897_10,1,1
2828_10,0,1
4568_10,1,1
1535_7,1,1
7282_8,0,1
12365_10,1,1
6682_3,0,0
1393_8,0,1
7270_1,0,0
1680_10,1,1
8207_8,1,1
8612_2,0,0
5640_9,1,1
96_10,1,1
12093_2,0,0
2068_9,0,1
9799_10,1,1
8730_1,0,0
1000_3,0,0
742_2,1,0
10432_10,1,1
9425_2,0,0
11636_3,0,0
6564_2,0,0
5706_9,1,1
8594_3,0,0
9488_9,0,1
12283_8,1,1
6579_3,0,0
6738_10,1,1
9007_2,0,0
2723_8,0,1
5115_3,0,0
9469_10,0,1
1444_1,0,0
5688_1,0,0
12390_4,0,0
1681_1,0,0
9048_7,0,1
10207_3,0,0
3817_9,1,1
2200_10,1,1
4250_8,0,1
12213_10,1,1
11602_4,0,0
4507_4,0,0
3817_1,0,0
9394_1,0,0
9129_1,0,0
3675_7,0,1
1670_4,0,0
1151_1,1,0
8818_4,0,0
4810_7,1,1
4979_1,0,0
80_4,0,0
5506_9,0,1
7451_10,0,1
4539_10,0,1
6914_10,1,1
2807_10,0,1
10229_10,1,1
10908_8,1,1
7709_9,1,1
10872_9,0,1
8487_1,0,0
1140_9,1,1
558_10,1,1
9935_8,0,1
1084_8,1,1
6185_9,0,1
9278_7,1,1
3756_7,1,1
4308_1,0,0
121_8,0,1
11072_8,1,1
9420_7,1,1
3955_1,0,0
9591_10,0,1
11176_1,0,0
11882_2,0,0
12458_10,1,1
303_10,1,1
3779_8,1,1
1805_4,0,0
12054_2,0,0
1990_4,0,0
7331_1,0,0
6243_8,0,1
7201_1,0,0
6230_7,0,1
11252_3,0,0
8379_8,1,1
11890_1,0,0
6977_1,0,0
5481_1,0,0
6013_7,0,1
11638_4,0,0
3302_1,0,0
4837_4,0,0
737_1,0,0
6128_3,1,0
3749_4,0,0
580_3,0,0
11031_10,0,1
6644_1,0,0
8517_1,0,0
4883_3,0,0
4273_4,0,0
404_1,0,0
12108_10,1,1
10005_8,0,1
7140_4,0,0
258_8,0,1
6746_7,1,1
7189_2,1,0
11626_4,0,0
10785_10,1,1
11007_1,0,0
8987_7,0,1
275_1,0,0
2554_10,1,1
2682_1,0,0
3797_1,0,0
7383_1,0,0
9816_9,0,1
11057_8,1,1
11901_3,0,0
11501_3,1,0
11999_2,0,0
740_3,0,0
3109_8,1,1
2773_8,1,1
5725_4,0,0
4423_3,0,0
4035_2,0,0
6550_7,0,1
711_4,0,0
10773_4,0,0
11202_1,0,0
1054_2,0,0
2207_10,1,1
9809_4,0,0
11349_10,1,1
5195_4,0,0
6881_4,0,0
7537_3,0,0
99_3,0,0
6589_9,1,1
11781_10,0,1
4337_3,0,0
4928_10,1,1
6310_1,0,0
11867_8,1,1
9462_2,0,0
12224_9,0,1
1195_3,0,0
11324_10,1,1
11272_4,1,0
2461_7,1,1
4034_7,1,1
2340_10,1,1
9827_9,0,1
4660_4,0,0
2448_1,0,0
7485_7,1,1
7003_10,0,1
6204_1,0,0
1920_10,1,1
6824_1,0,0
6668_10,1,1
7359_1,0,0
2753_4,1,0
7320_10,1,1
3661_10,1,1
1059_1,0,0
5067_10,1,1
5724_3,0,0
11265_2,0,0
11331_1,0,0
5398_10,1,1
9328_2,0,0
100_4,0,0
6118_10,1,1
320_3,0,0
4395_10,1,1
7256_4,0,0
3949_10,1,1
7097_1,1,0
6971_2,0,0
9855_2,0,0
457_8,0,1
9929_7,1,1
9574_10,1,1
12261_4,0,0
5228_9,1,1
11684_2,0,0
7913_9,1,1
9595_3,0,0
10501_10,1,1
10610_7,1,1
8573_7,0,1
1823_2,0,0
12070_4,0,0
6995_8,0,1
4929_1,0,0
2555_4,0,0
6583_7,1,1
2490_1,0,0
8203_7,1,1
7861_3,0,0
2548_2,0,0
12291_7,1,1
756_1,0,0
9275_7,1,1
9234_9,1,1
10598_10,1,1
8252_8,1,1
3585_2,0,0
11561_1,0,0
690_10,1,1
7203_10,1,1
11141_10,0,1
5583_10,0,1
7341_10,1,1
10623_8,1,1
868_4,0,0
778_9,1,1
4653_10,0,1
7450_4,1,0
8836_8,0,1
226_9,0,1
464_10,1,1
2850_9,1,1
10242_8,1,1
2403_10,1,1
3397_10,0,1
1003_4,1,0
10940_10,1,1
3349_10,1,1
5909_1,0,0
12021_8,1,1
5019_1,0,0
1809_7,1,1
4435_10,1,1
10029_1,0,0
8234_2,0,0
3760_1,0,0
10952_10,1,1
1487_9,1,1
46_10,1,1
4917_4,0,0
2000_9,1,1
10974_2,0,0
11275_8,0,1
1816_10,1,1
4848_3,0,0
11730_3,0,0
1903_10,1,1
12331_9,0,1
10360_9,0,1
9243_10,0,1
10115_8,1,1
11417_3,0,0
6259_4,0,0
316_10,1,1
1100_4,0,0
7919_2,0,0
1871_2,0,0
12488_8,1,1
10239_9,0,1
7832_2,0,0
8808_1,0,0
7241_2,0,0
4412_2,0,0
807_10,1,1
9728_8,0,1
5665_2,0,0
491_2,0,0
7938_1,0,0
3513_8,1,1
8942_1,0,0
11520_7,1,1
11478_3,1,0
5627_10,0,1
3462_2,0,0
5161_10,1,1
6545_2,0,0
6513_4,0,0
3032_1,0,0
7403_2,0,0
11878_3,0,0
11348_8,1,1
4979_7,0,1
7131_1,0,0
3972_3,0,0
2925_2,0,0
5346_3,0,0
10709_3,0,0
10999_2,0,0
5974_10,1,1
9008_10,1,1
1324_10,1,1
10454_8,0,1
8336_8,0,1
5869_10,0,1
9922_3,0,0
2081_2,0,0
5811_7,1,1
1619_10,0,1
5461_7,0,1
9152_2,0,0
9071_8,1,1
4688_10,1,1
8956_10,1,1
1883_4,0,0
5707_1,0,0
7529_3,0,0
83_1,0,0
10440_1,0,0
3673_1,0,0
6983_4,0,0
2546_4,0,0
6698_3,0,0
10689_3,0,0
9986_10,1,1
5614_10,0,1
10094_4,0,0
12468_10,1,1
3828_10,1,1
10524_2,0,0
2016_2,0,0
7583_4,0,0
4795_8,1,1
7564_3,0,0
1366_3,0,0
508_4,0,0
9509_3,0,0
1587_3,0,0
12376_4,1,0
2525_8,1,1
2877_2,0,0
9485_9,0,1
12023_8,1,1
11544_10,0,1
198_3,0,0
4390_1,0,0
993_8,1,1
7965_9,1,1
8865_1,0,0
6638_1,0,0
141_8,0,1
136_2,0,0
3004_10,0,1
3457_9,1,1
11488_1,0,0
644_2,0,0
8387_9,1,1
5026_3,0,0
8936_7,0,1
453_4,0,0
8547_3,0,0
10542_4,0,0
5231_9,1,1
9592_10,0,1
8591_7,1,1
6686_10,0,1
7246_10,1,1
2194_4,0,0
11533_9,1,1
6109_10,0,1
9092_3,0,0
11223_8,1,1
10829_9,1,1
9857_3,0,0
2223_10,1,1
8052_10,0,1
11604_3,1,0
4448_1,0,0
5394_8,1,1
10168_9,1,1
11943_4,0,0
7311_8,1,1
1362_9,0,1
9165_8,1,1
12294_10,1,1
6086_9,1,1
608_8,1,1
4592_10,0,1
708_10,1,1
6548_4,0,0
7552_4,0,0
9263_8,0,1
5393_1,0,0
220_10,0,1
10640_7,1,1
4086_10,1,1
11026_3,0,0
12466_10,1,1
905_3,0,0
92_8,0,1
11362_10,0,1
5030_8,1,1
2909_7,0,1
8402_7,1,1
4046_10,1,1
4065_9,1,1
6460_4,0,0
11108_1,0,0
1139_1,0,0
2457_3,0,0
2675_7,0,1
9360_1,0,0
5750_8,0,1
7125_2,0,0
6637_8,1,1
3290_7,0,1
3979_8,0,1
2100_1,0,0
10836_1,0,0
10904_3,0,0
5226_7,1,1
22_8,1,1
2726_10,0,1
11405_8,1,1
11204_2,0,0
6201_9,1,1
1653_10,1,1
9500_7,1,1
12104_7,1,1
1499_3,0,0
1415_1,0,0
11285_2,0,0
4481_1,0,0
10249_8,0,1
2391_9,1,1
2186_3,1,0
56_10,1,1
127_10,1,1
5509_9,1,1
9855_9,0,1
7522_10,1,1
11751_9,1,1
3330_3,0,0
4055_8,1,1
3694_3,0,0
6911_4,0,0
9677_10,1,1
9706_1,0,0
426_4,0,0
2995_2,0,0
7914_8,1,1
11344_9,1,1
680_8,0,1
2094_3,0,0
2009_9,1,1
7309_7,0,1
138_1,0,0
2689_9,1,1
6050_2,0,0
8987_2,0,0
2053_8,1,1
12245_4,0,0
12020_10,0,1
10364_10,1,1
11581_1,0,0
12079_10,1,1
6537_1,0,0
2739_10,0,1
8719_1,0,0
9436_1,0,0
5029_3,0,0
8321_10,1,1
7135_9,0,1
9512_10,0,1
6397_7,0,1
9457_9,1,1
7740_2,0,0
10591_2,0,0
9856_4,0,0
2456_1,0,0
10543_7,0,1
544_4,1,0
3679_10,1,1
9042_1,0,0
5368_8,1,1
8276_3,0,0
1984_2,0,0
4205_7,1,1
5765_7,1,1
5202_1,0,0
4127_4,0,0
12316_9,1,1
657_1,0,0
12205_2,0,0
3426_10,1,1
5616_10,1,1
11644_3,0,0
795_10,1,1
12416_2,0,0
115_3,0,0
55_10,0,1
11187_10,0,1
9072_4,1,0
875_4,0,0
4196_1,0,0
293_10,1,1
5564_1,0,0
6811_8,0,1
9135_3,0,0
9964_8,0,1
981_9,0,1
8506_10,0,1
4459_9,1,1
7609_1,0,0
6246_10,1,1
5989_4,0,0
11839_10,0,1
9186_2,0,0
3411_10,1,1
8677_1,1,0
9125_4,0,0
2166_8,0,1
11827_4,0,0
2574_2,0,0
4789_4,1,0
1093_4,0,0
8195_1,0,0
11011_10,0,1
3944_9,0,1
10606_10,0,1
5029_7,0,1
9496_8,0,1
9256_8,0,1
5640_3,0,0
8164_8,0,1
10413_3,0,0
4838_2,0,0
12265_9,0,1
6222_1,0,0
883_8,1,1
395_8,1,1
1182_7,0,1
8701_7,0,1
8863_4,0,0
10943_3,0,0
10692_10,0,1
11872_7,1,1
4729_9,1,1
920_10,0,1
9352_4,0,0
10095_9,0,1
8986_2,0,0
7061_2,0,0
2746_1,0,0
10359_8,1,1
6826_7,0,1
7075_3,0,0
8237_10,1,1
9103_10,0,1
6538_9,0,1
3085_4,0,0
10759_9,0,1
12249_2,0,0
6774_4,0,0
3564_2,0,0
144_2,0,0
12112_3,0,0
8166_10,1,1
10817_8,1,1
7462_10,1,1
7626_2,0,0
8221_2,1,0
2528_10,0,1
6765_3,0,0
1267_8,1,1
8257_10,0,1
11501_8,1,1
11196_10,1,1
10006_7,1,1
2104_2,0,0
9067_8,0,1
4760_4,0,0
4372_7,1,1
3441_2,0,0
10439_3,1,0
6604_1,0,0
10689_10,0,1
11289_4,0,0
2051_7,0,1
42_10,1,1
1567_7,0,1
4890_9,1,1
2583_1,0,0
5376_2,0,0
2539_10,1,1
390_4,0,0
11509_1,0,0
7481_8,0,1
10840_2,0,0
9433_1,1,0
7774_10,1,1
2654_7,0,1
9582_7,0,1
1780_3,0,0
4032_8,1,1
3130_9,1,1
1920_3,0,0
5056_7,0,1
4537_10,1,1
2505_1,0,0
3942_2,0,0
483_2,0,0
2771_3,0,0
4872_8,0,1
7897_1,0,0
12039_8,1,1
11008_4,0,0
4090_7,1,1
3051_4,1,0
5700_1,0,0
3498_10,0,1
5676_7,0,1
5565_1,0,0
9347_10,0,1
4178_1,0,0
6303_4,1,0
1579_7,0,1
5783_9,1,1
4001_8,1,1
11698_2,0,0
7029_3,0,0
268_3,0,0
7098_1,1,0
6608_9,1,1
1123_1,0,0
7523_10,1,1
10647_3,0,0
12232_8,1,1
8103_4,0,0
7336_7,1,1
7049_8,1,1
9694_3,0,0
5894_3,0,0
10981_4,0,0
10104_10,1,1
5752_7,0,1
2622_2,0,0
11529_2,0,0
5040_1,0,0
1870_8,1,1
7368_3,0,0
843_1,0,0
4972_8,1,1
4615_9,1,1
8191_10,1,1
6940_10,0,1
4924_4,1,0
10392_2,0,0
3339_7,0,1
3594_10,1,1
10354_7,0,1
6594_10,1,1
11311_1,0,0
4409_10,0,1
1669_4,0,0
7819_1,0,0
6704_1,0,0
667_10,0,1
6444_1,0,0
1223_3,0,0
10089_9,1,1
6699_1,0,0
814_7,1,1
2363_10,0,1
1697_2,0,0
6345_4,0,0
10109_1,0,0
4563_7,1,1
1924_1,0,0
11416_2,0,0
539_7,1,1
5937_9,1,1
1912_8,0,1
4135_3,0,0
4141_7,0,1
7217_2,0,0
5538_3,0,0
2657_10,0,1
6279_4,0,0
7706_1,0,0
10409_10,0,1
6780_1,0,0
6251_10,1,1
12227_1,0,0
1146_10,1,1
10977_9,1,1
3857_1,0,0
7622_8,0,1
2548_7,1,1
8602_9,1,1
8885_8,1,1
472_4,1,0
11700_9,1,1
10268_3,0,0
7569_10,1,1
475_1,0,0
4719_1,0,0
8851_3,0,0
6320_10,0,1
4290_7,0,1
7936_10,1,1
4616_1,0,0
3616_7,1,1
4849_3,0,0
3689_7,1,1
11224_7,1,1
8893_7,1,1
11126_7,1,1
4816_8,1,1
5895_3,0,0
9373_1,0,0
2445_3,0,0
556_1,0,0
11855_1,0,0
11346_8,1,1
8621_8,1,1
10259_3,0,0
2354_3,0,0
8477_10,0,1
11408_7,0,1
8490_1,0,0
175_8,0,1
3376_1,0,0
3888_7,1,1
11655_2,0,0
9630_10,1,1
8121_1,0,0
10758_4,0,0
1979_10,1,1
9702_8,0,1
1064_1,0,0
850_4,0,0
1624_1,0,0
5885_10,1,1
8246_8,1,1
4073_7,1,1
5116_2,1,0
5379_2,0,0
75_1,0,0
5895_10,0,1
10651_9,1,1
1776_7,1,1
8500_1,0,0
11026_9,1,1
12195_1,0,0
1832_7,1,1
11424_8,1,1
1744_8,1,1
9699_1,0,0
11840_10,0,1
8955_1,0,0
1571_4,1,0
6434_9,1,1
7214_10,1,1
153_4,1,0
3914_1,0,0
5005_8,0,1
8283_4,0,0
8846_1,0,0
3708_1,0,0
5123_10,0,1
2868_7,0,1
6395_10,1,1
5788_4,0,0
2380_8,1,1
462_7,1,1
11697_7,1,1
3577_3,0,0
5569_4,0,0
348_1,0,0
9194_10,1,1
1001_4,0,0
6869_4,0,0
7182_1,0,0
2089_4,0,0
3496_1,0,0
938_1,0,0
10325_9,0,1
786_10,1,1
4562_9,1,1
2566_9,1,1
10732_3,0,0
7621_1,0,0
11747_10,1,1
11271_4,1,0
9057_10,1,1
12374_3,0,0
9130_9,0,1
9735_3,0,0
4305_7,1,1
10477_9,1,1
5498_9,1,1
4452_8,1,1
7993_1,0,0
3245_9,1,1
11289_10,0,1
2678_10,1,1
6836_1,0,0
10936_3,0,0
6870_4,0,0
10109_10,0,1
9907_7,0,1
4801_2,0,0
3684_10,1,1
12305_9,1,1
530_10,1,1
10977_2,0,0
9819_10,0,1
5057_1,0,0
8703_10,1,1
8997_2,0,0
5766_7,0,1
9436_8,1,1
39_9,1,1
6052_4,0,0
9748_9,1,1
8395_1,0,0
688_7,0,1
4688_3,0,0
6287_3,0,0
1945_8,1,1
11830_2,0,0
4042_2,0,0
10160_3,0,0
2069_4,1,0
11039_1,0,0
6675_3,0,0
9189_2,0,0
3683_10,1,1
5536_10,1,1
11089_1,0,0
9064_7,1,1
2079_1,0,0
648_3,0,0
12300_10,0,1
5755_8,1,1
3460_1,0,0
151_2,0,0
6990_4,0,0
11356_10,1,1
3062_2,0,0
4310_1,0,0
9393_9,0,1
5886_1,0,0
7359_10,1,1
3210_1,0,0
4689_10,0,1
11111_10,1,1
1413_3,0,0
2502_8,1,1
10737_2,0,0
6525_10,1,1
4416_4,0,0
1705_4,0,0
1485_10,0,1
4406_9,1,1
3365_8,1,1
6825_9,1,1
9214_1,0,0
8171_1,0,0
12138_7,0,1
2421_8,1,1
7727_4,0,0
8236_8,1,1
4802_8,1,1
5429_2,0,0
6584_1,0,0
5429_8,0,1
2124_8,1,1
11670_3,0,0
7527_1,0,0
11193_3,0,0
3647_10,0,1
2084_3,0,0
8481_10,1,1
2458_8,1,1
8705_1,1,0
4919_4,0,0
1621_1,0,0
6059_1,0,0
4132_1,0,0
10953_9,0,1
6692_8,1,1
3604_3,0,0
6432_1,0,0
10932_8,1,1
7248_3,1,0
3837_4,0,0
8770_8,1,1
12067_7,1,1
7351_1,0,0
11556_1,0,0
8220_1,0,0
8008_4,0,0
6500_1,0,0
8303_4,0,0
6765_10,1,1
4701_3,1,0
8956_1,0,0
11443_8,1,1
7119_7,0,1
11761_2,0,0
9921_9,1,1
2275_9,1,1
8849_2,0,0
2791_3,0,0
9105_10,0,1
1991_7,1,1
41_9,1,1
9259_1,0,0
3785_3,0,0
12335_3,0,0
7020_1,0,0
9490_4,1,0
11296_1,0,0
7641_2,0,0
8163_7,0,1
7342_10,0,1
766_8,1,1
5399_1,0,0
1565_7,1,1
12_9,1,1
11574_10,0,1
8194_8,0,1
6110_10,1,1
8108_1,0,0
3852_4,0,0
11474_2,0,0
11554_10,1,1
1798_3,0,0
11814_10,1,1
5072_9,1,1
4389_10,1,1
8148_10,1,1
5840_2,0,0
1972_7,0,1
10169_3,0,0
8651_1,0,0
6399_3,0,0
8965_1,0,0
8853_1,0,0
2841_9,1,1
6658_1,0,0
11515_1,0,0
4474_1,0,0
8221_10,1,1
12204_10,0,1
10671_1,0,0
7335_3,0,0
4050_3,0,0
9465_8,1,1
11620_8,1,1
11998_8,1,1
11188_2,0,0
6656_1,0,0
3416_4,0,0
11558_9,0,1
2752_4,0,0
10330_9,0,1
9323_7,1,1
12232_4,0,0
5699_7,1,1
1020_2,0,0
1161_1,0,0
10187_10,1,1
4585_10,0,1
7570_10,1,1
9752_1,0,0
4956_1,0,0
1355_2,0,0
10456_1,0,0
8757_10,1,1
2286_3,0,0
1297_7,1,1
5326_8,1,1
11535_10,1,1
4783_10,1,1
4292_2,0,0
2856_1,0,0
450_10,0,1
9611_1,0,0
2403_1,0,0
2037_7,1,1
9580_1,0,0
1694_7,1,1
11385_10,1,1
493_1,0,0
9013_10,1,1
11235_3,0,0
10793_3,0,0
2197_10,1,1
1887_2,0,0
6617_7,0,1
12028_1,0,0
5413_1,0,0
1134_1,0,0
1290_2,0,0
12241_8,0,1
965_3,0,0
2044_10,1,1
7782_10,0,1
6087_4,0,0
3600_2,0,0
1588_3,0,0
10421_8,0,1
3390_10,1,1
6531_1,0,0
9792_10,0,1
3755_9,0,1
11471_7,0,1
10427_10,1,1
4011_3,0,0
8784_7,0,1
10714_9,1,1
6031_9,1,1
8130_10,1,1
4772_9,0,1
6599_7,0,1
11335_2,0,0
6412_1,0,0
998_7,1,1
9542_10,0,1
1490_3,0,0
4142_10,1,1
8371_10,1,1
5457_8,1,1
5001_8,0,1
150_9,1,1
8487_10,0,1
10024_3,0,0
3687_8,1,1
6171_10,1,1
5462_8,1,1
1372_4,0,0
7361_8,0,1
1030_9,0,1
3341_8,0,1
7677_2,0,0
6584_7,1,1
2372_10,0,1
5898_9,1,1
7370_7,0,1
3018_9,1,1
4899_9,1,1
2385_4,0,0
8433_9,1,1
1989_8,0,1
10401_7,0,1
5668_1,0,0
11516_3,0,0
12419_1,0,0
5402_7,0,1
10537_9,1,1
117_10,1,1
6756_4,0,0
4051_3,0,0
9687_10,0,1
11011_2,0,0
8460_8,1,1
5155_3,0,0
2473_2,0,0
4074_1,0,0
4730_10,1,1
5310_2,0,0
6630_10,1,1
4363_1,0,0
1022_3,0,0
8247_10,1,1
7437_10,0,1
3846_7,1,1
7298_1,0,0
11955_4,0,0
9448_10,0,1
142_1,0,0
2260_3,0,0
9012_4,0,0
5321_9,0,1
527_10,1,1
2898_3,0,0
12302_9,1,1
1463_4,0,0
5278_1,0,0
6450_1,0,0
9704_1,0,0
2673_2,0,0
10175_2,0,0
8006_2,1,0
9492_4,0,0
4595_3,0,0
9499_2,0,0
7869_1,0,0
4047_10,1,1
4962_7,1,1
4052_2,0,0
1423_10,0,1
7376_2,0,0
1067_9,1,1
3289_1,0,0
5780_9,0,1
2965_2,0,0
4127_10,1,1
10156_3,0,0
11164_1,0,0
1422_10,0,1
9470_4,0,0
7733_3,1,0
3814_3,0,0
9900_1,0,0
5363_3,0,0
2878_7,0,1
11647_2,0,0
1729_1,0,0
2263_1,0,0
11707_2,0,0
10722_7,1,1
6321_9,0,1
7339_10,0,1
8003_9,1,1
11009_10,0,1
9458_1,0,0
10359_1,0,0
5530_3,0,0
3377_9,0,1
2256_9,0,1
9036_1,0,0
7621_7,0,1
9992_4,0,0
1004_10,0,1
6339_3,1,0
5554_10,1,1
10128_10,1,1
4540_10,1,1
1410_7,1,1
7072_1,0,0
4324_4,0,0
9611_7,0,1
7571_10,1,1
11337_1,0,0
1169_1,0,0
10881_4,0,0
8782_4,0,0
5357_10,0,1
9318_7,1,1
9071_3,0,0
485_4,0,0
3164_2,1,0
1343_10,1,1
571_10,1,1
6749_10,0,1
1945_4,0,0
8132_3,0,0
12380_4,0,0
11183_4,1,0
10526_10,1,1
7234_10,1,1
3054_7,0,1
5217_1,0,0
7106_8,0,1
11043_10,1,1
8447_2,0,0
9744_10,1,1
10638_9,0,1
8778_10,0,1
3666_9,0,1
4223_10,0,1
1642_2,0,0
10541_8,0,1
8067_1,0,0
11116_10,1,1
8701_1,0,0
6422_8,1,1
9168_1,0,0
4130_1,0,0
8492_1,0,0
6430_3,0,0
9306_8,1,1
10487_7,0,1
6687_1,0,0
11869_1,0,0
9224_10,1,1
1625_9,1,1
8651_7,1,1
3702_4,0,0
4470_7,1,1
31_4,0,0
11316_10,1,1
5961_8,0,1
4428_2,0,0
2540_4,0,0
4855_2,1,0
9997_2,0,0
12214_2,0,0
12383_2,0,0
12344_4,0,0
8147_10,1,1
2019_10,0,1
8161_3,0,0
7312_10,1,1
9310_8,0,1
11966_1,0,0
8962_1,0,0
5661_4,0,0
5765_4,0,0
10934_8,0,1
5801_9,0,1
190_2,0,0
880_8,0,1
10677_10,0,1
10520_10,1,1
6697_7,0,1
11582_1,0,0
1986_1,0,0
6021_4,0,0
7220_8,1,1
5870_1,0,0
1459_7,1,1
1733_8,0,1
7060_9,1,1
5249_9,0,1
8845_9,1,1
10133_8,1,1
3041_9,1,1
11504_1,0,0
6261_8,1,1
2942_10,1,1
5522_10,1,1
4260_8,1,1
1600_2,0,0
1698_10,0,1
5823_10,1,1
2413_9,1,1
7316_9,1,1
5963_2,0,0
9960_10,0,1
6014_9,1,1
2357_4,0,0
9788_10,0,1
8100_2,0,0
4099_9,0,1
10894_2,0,0
7940_1,0,0
3605_4,0,0
11270_3,0,0
2306_8,1,1
3825_10,0,1
161_7,0,1
12121_9,0,1
7916_10,1,1
10598_4,0,0
3484_10,1,1
8967_1,0,0
4005_2,0,0
10355_4,0,0
5215_10,1,1
943_3,0,0
11786_10,1,1
5938_2,0,0
998_2,0,0
4333_4,0,0
6606_9,1,1
5251_2,0,0
4152_4,1,0
3148_2,0,0
3344_7,0,1
9832_3,0,0
2689_3,0,0
3400_10,1,1
4000_4,0,0
3934_3,1,0
9014_9,0,1
2339_9,1,1
8833_1,0,0
10197_8,0,1
8811_1,0,0
1805_7,1,1
2238_7,1,1
2487_9,0,1
1737_1,0,0
4085_2,0,0
5665_10,1,1
9721_4,0,0
10577_9,0,1
8892_7,1,1
4503_10,1,1
9348_3,0,0
10382_10,1,1
8339_3,0,0
5199_10,1,1
1897_1,0,0
3578_9,1,1
9192_7,0,1
12154_2,0,0
5089_2,0,0
8988_7,0,1
10170_8,1,1
6690_8,1,1
2549_2,0,0
6546_3,0,0
5283_2,0,0
8131_9,1,1
4745_8,1,1
7251_1,0,0
1829_8,1,1
11922_9,1,1
10322_1,0,0
3163_4,0,0
11849_9,1,1
11809_10,1,1
1275_3,0,0
11694_4,0,0
12112_8,1,1
11212_4,0,0
5124_10,0,1
5362_2,0,0
2680_9,1,1
11181_4,0,0
4345_1,0,0
8916_7,0,1
10042_8,1,1
10324_8,1,1
4425_3,0,0
9133_3,1,0
11028_10,0,1
1941_7,0,1
10142_3,1,0
4572_1,0,0
10512_1,0,0
7180_7,0,1
3948_1,0,0
1238_4,0,0
5269_9,1,1
12346_8,0,1
11481_4,0,0
1943_3,0,0
4742_1,0,0
2433_1,0,0
4422_3,0,0
342_1,0,0
736_8,0,1
3036_10,0,1
9336_7,0,1
9205_1,0,0
9923_8,1,1
8875_2,0,0
2023_7,0,1
4102_1,0,0
11345_1,0,0
6736_9,1,1
7839_8,1,1
8572_10,0,1
7211_1,0,0
6666_2,0,0
1978_7,1,1
3156_1,0,0
3333_7,0,1
3720_4,1,0
1450_3,1,0
8563_10,0,1
9087_9,1,1
6843_10,1,1
3485_7,0,1
4259_10,1,1
10186_10,0,1
3312_3,0,0
7624_4,0,0
7930_3,0,0
8407_10,0,1
1771_4,0,0
11919_4,0,0
425_2,0,0
11795_2,0,0
6767_1,0,0
2996_9,1,1
990_1,0,0
3757_3,1,0
2981_2,0,0
10277_2,0,0
662_9,0,1
5311_3,0,0
3796_10,1,1
3846_1,0,0
5651_2,0,0
6649_3,0,0
10779_2,0,0
4548_10,1,1
7275_10,1,1
1605_9,1,1
3580_4,0,0
5712_2,0,0
5287_10,0,1
3230_9,1,1
7936_1,0,0
9983_3,0,0
9959_7,0,1
5739_4,0,0
4308_10,1,1
4854_8,0,1
8620_7,0,1
7923_9,1,1
11686_10,0,1
8253_1,0,0
11030_4,1,0
3995_9,0,1
10763_9,1,1
6780_8,1,1
10895_1,0,0
11778_1,0,0
8512_10,0,1
1061_1,0,0
10584_3,0,0
212_4,0,0
1908_2,0,0
10958_1,0,0
980_7,0,1
2686_10,0,1
2088_1,0,0
6075_1,0,0
9782_10,1,1
9180_3,0,0
2478_3,0,0
1634_2,0,0
6810_8,1,1
2562_10,0,1
3841_7,1,1
5387_1,0,0
9047_7,0,1
4962_4,1,0
8597_8,0,1
1515_1,0,0
1974_1,0,0
9935_3,1,0
2404_4,0,0
8638_1,0,0
8720_1,0,0
11411_2,0,0
7676_3,0,0
11756_9,1,1
4195_1,0,0
11787_10,1,1
11838_1,0,0
11748_1,0,0
7309_3,0,0
502_4,1,0
1239_10,0,1
8925_4,0,0
4242_1,0,0
2112_2,0,0
6359_8,1,1
8034_9,1,1
807_3,0,0
7852_4,1,0
8014_10,0,1
4823_8,1,1
8448_10,0,1
3564_8,0,1
858_4,1,0
8529_7,0,1
6515_3,0,0
2646_10,0,1
4278_1,0,0
5641_7,0,1
5382_4,0,0
3300_8,1,1
4849_9,0,1
12013_1,0,0
107_4,0,0
10046_10,1,1
9141_10,1,1
10297_10,0,1
634_10,1,1
438_2,0,0
11794_8,1,1
3937_4,1,0
3602_4,0,0
11851_1,0,0
8690_7,1,1
2697_2,0,0
805_10,1,1
7572_1,0,0
10553_1,0,0
5246_2,0,0
2064_8,0,1
11856_1,0,0
9026_7,0,1
4449_7,0,1
8579_10,1,1
8503_7,1,1
5734_1,0,0
11507_1,0,0
7956_10,1,1
11245_2,0,0
6142_2,0,0
10657_1,0,0
7992_1,0,0
11347_9,0,1
5278_8,1,1
6362_10,0,1
10214_2,0,0
9184_7,1,1
2666_10,1,1
7527_7,0,1
2001_1,0,0
12000_4,0,0
10302_3,0,0
7160_10,1,1
2757_10,1,1
3792_3,0,0
6199_1,0,0
10467_3,0,0
531_10,1,1
8193_9,1,1
248_7,1,1
187_1,0,0
5193_8,1,1
5138_8,1,1
8467_1,0,0
11029_8,1,1
667_4,0,0
3714_1,0,0
8102_4,1,0
9195_4,0,0
1432_3,0,0
9095_10,0,1
11510_2,0,0
5644_1,1,0
2556_8,0,1
11887_2,0,0
5374_1,0,0
5356_3,0,0
10209_1,0,0
2001_8,0,1
6088_1,0,0
6140_4,1,0
11494_4,0,0
11631_7,0,1
4818_1,0,0
10914_1,0,0
4472_8,1,1
8735_9,1,1
11190_1,0,0
462_4,0,0
6566_4,0,0
4598_4,0,0
11566_1,0,0
2560_3,0,0
11969_4,0,0
8765_1,0,0
9957_10,0,1
5210_10,0,1
5007_10,1,1
10290_10,0,1
10319_1,0,0
1848_2,0,0
1319_3,0,0
11248_10,1,1
379_1,0,0
3469_10,1,1
437_2,0,0
3648_1,0,0
8834_1,0,0
3316_1,0,0
9563_2,0,0
4500_9,1,1
6226_3,0,0
5653_3,0,0
5415_2,0,0
6725_4,0,0
9462_10,1,1
3471_3,1,0
7259_2,0,0
8181_3,0,0
10749_1,0,0
12283_1,0,0
402_1,0,0
8024_10,1,1
11114_1,0,0
461_1,0,0
10025_2,0,0
3358_4,1,0
2022_1,0,0
12493_7,1,1
4131_9,1,1
9852_4,0,0
7122_1,0,0
1994_10,1,1
10723_9,0,1
3900_8,1,1
7741_10,1,1
4287_9,1,1
10195_10,1,1
10941_3,0,0
1615_1,0,0
12337_3,0,0
2259_2,0,0
6179_10,1,1
138_8,1,1
6482_3,0,0
10362_4,0,0
1341_10,1,1
8299_8,1,1
7839_2,0,0
6659_7,0,1
7143_10,1,1
12445_1,0,0
3796_3,0,0
4180_10,1,1
7775_10,1,1
8946_9,0,1
1936_7,1,1
8387_1,0,0
10092_8,0,1
5729_10,0,1
1399_7,1,1
4011_8,1,1
7868_8,1,1
3546_8,1,1
8643_9,1,1
6033_1,0,0
428_10,1,1
3385_10,1,1
3073_2,0,0
4169_8,0,1
8191_3,0,0
211_3,0,0
297_2,0,0
4286_8,1,1
535_10,1,1
4851_4,1,0
9707_1,0,0
9740_10,0,1
5410_1,0,0
1436_1,0,0
3766_10,1,1
2483_9,1,1
1937_10,1,1
2939_3,0,0
3372_1,0,0
7825_10,0,1
7780_10,1,1
7656_10,1,1
4850_7,1,1
5083_4,0,0
10429_1,0,0
8009_2,0,0
10879_4,0,0
7328_1,0,0
10055_1,0,0
11715_7,1,1
1547_1,0,0
7665_9,0,1
6061_10,0,1
10800_1,0,0
10234_3,0,0
11334_2,0,0
3106_1,0,0
12173_3,0,0
2076_10,1,1
4414_7,0,1
7679_9,0,1
2010_1,0,0
9460_9,1,1
11261_4,0,0
7500_10,0,1
9503_4,0,0
5937_4,0,0
87_10,1,1
2968_1,0,0
6728_9,1,1
9954_4,0,0
5875_8,1,1
12429_10,0,1
11247_10,1,1
8879_4,1,0
2999_1,0,0
11448_8,0,1
3629_1,0,0
1302_1,0,0
10851_1,0,0
9533_4,0,0
4078_2,0,0
7813_3,0,0
11284_10,0,1
3509_8,1,1
11198_3,0,0
9197_9,1,1
3603_3,1,0
6472_7,1,1
2410_2,0,0
10240_10,0,1
6507_4,0,0
1511_2,0,0
5475_2,0,0
5728_1,0,0
5294_1,0,0
12024_10,0,1
2355_1,0,0
4088_9,1,1
2580_10,1,1
9423_1,0,0
6836_7,1,1
11806_1,0,0
8412_1,0,0
770_10,1,1
1029_10,0,1
11288_4,0,0
690_3,1,0
1925_9,1,1
2116_10,0,1
8597_2,0,0
8734_4,0,0
5549_3,0,0
5447_7,0,1
2519_4,0,0
11323_7,0,1
9338_1,0,0
3299_10,1,1
10585_8,0,1
3945_7,0,1
813_1,0,0
1300_9,1,1
5849_7,0,1
5535_8,1,1
3612_2,0,0
11064_2,0,0
376_10,0,1
8504_2,0,0
8198_1,0,0
6485_1,0,0
9011_3,0,0
6766_1,0,0
7282_3,0,0
1450_10,0,1
10644_8,1,1
5424_2,1,0
86_3,0,0
1221_1,0,0
2309_3,0,0
5190_4,0,0
11498_1,0,0
11959_10,1,1
10465_10,1,1
3922_4,1,0
9710_9,0,1
2014_1,0,0
3791_9,0,1
3548_4,0,0
6001_3,0,0
11920_4,0,0
10152_9,1,1
10305_1,1,0
10626_1,0,0
3057_3,0,0
5387_8,0,1
8138_2,0,0
11134_1,0,0
8341_2,0,0
6687_9,0,1
671_3,0,0
1156_2,0,0
11841_9,1,1
7193_9,1,1
2257_10,1,1
5261_3,0,0
10475_2,0,0
11175_2,0,0
8122_9,1,1
6266_7,1,1
4340_9,0,1
331_4,0,0
854_7,1,1
6800_10,1,1
982_8,1,1
5916_7,1,1
5871_2,0,0
4106_9,1,1
8506_1,0,0
4610_9,1,1
5086_4,0,0
453_9,0,1
4611_3,0,0
3764_4,0,0
7644_4,0,0
4037_2,0,0
1595_10,0,1
7792_3,0,0
10068_3,0,0
7199_10,0,1
2050_3,0,0
2460_7,1,1
9299_1,0,0
6297_4,1,0
7797_10,1,1
11272_8,1,1
7808_9,1,1
5806_3,0,0
4573_10,1,1
3935_7,1,1
3502_1,0,0
5744_10,0,1
10548_10,0,1
3746_7,0,1
3851_10,0,1
2648_2,0,0
11397_3,0,0
1024_4,0,0
4034_2,0,0
7010_10,0,1
10429_9,1,1
8086_1,0,0
6463_4,0,0
3540_3,0,0
7608_8,1,1
5123_4,0,0
8139_4,0,0
2535_10,0,1
4187_1,0,0
1711_4,0,0
6197_4,0,0
4953_7,0,1
578_9,1,1
4244_10,1,1
3893_8,1,1
4903_7,0,1
9850_8,1,1
11450_3,0,0
4926_8,0,1
804_1,0,0
5933_7,0,1
4407_1,0,0
7951_7,1,1
9759_10,1,1
3936_8,1,1
6998_1,0,0
8967_7,1,1
5061_4,1,0
7787_3,0,0
8320_10,1,1
967_7,0,1
11996_7,0,1
4233_8,1,1
2494_8,0,1
6804_8,1,1
1452_3,0,0
10327_7,1,1
1510_1,0,0
7223_4,0,0
2280_10,1,1
4092_9,1,1
11305_1,0,0
10599_1,0,0
9545_4,0,0
6423_8,1,1
12314_1,0,0
8470_1,0,0
8957_8,1,1
1725_9,1,1
11127_1,0,0
6570_8,1,1
10477_1,0,0
5503_4,0,0
12251_8,1,1
3474_10,1,1
7269_1,0,0
997_3,0,0
10781_10,1,1
6598_10,1,1
9225_1,0,0
20_9,1,1
9671_9,0,1
8627_3,0,0
12404_4,1,0
1110_7,1,1
6979_1,0,0
9082_1,0,0
3626_7,1,1
4856_4,1,0
11510_9,1,1
7024_10,1,1
1501_9,0,1
4185_9,0,1
8671_9,1,1
2225_10,0,1
199_4,1,0
6027_9,0,1
359_4,0,0
4065_3,0,0
12333_7,0,1
1963_10,1,1
9106_1,0,0
10478_1,0,0
10859_9,1,1
357_1,0,0
6982_10,0,1
460_8,1,1
9266_2,0,0
351_10,1,1
9562_10,1,1
9784_3,0,0
5949_7,1,1
6489_1,0,0
1607_9,0,1
4482_10,0,1
8816_8,1,1
2427_1,0,0
4838_9,1,1
10961_9,0,1
6708_10,0,1
1045_9,1,1
3607_3,0,0
4325_9,0,1
4779_1,0,0
4624_9,1,1
4564_10,0,1
7132_9,0,1
506_2,0,0
5939_1,0,0
3219_10,1,1
8620_4,0,0
2049_1,0,0
3367_9,0,1
7408_9,1,1
8850_2,0,0
870_4,0,0
8056_8,0,1
11367_10,0,1
6160_10,1,1
6712_8,0,1
5267_8,1,1
1191_1,0,0
1513_3,0,0
4741_10,0,1
9807_2,0,0
6926_10,1,1
6382_10,1,1
6636_8,1,1
6592_10,1,1
11308_10,0,1
10853_3,0,0
1774_7,1,1
8259_10,1,1
8649_8,1,1
10739_2,0,0
9843_7,1,1
5984_10,1,1
8658_1,0,0
10386_1,0,0
3271_4,1,0
6167_1,0,0
529_1,0,0
5696_2,0,0
1601_10,0,1
10744_8,0,1
6121_9,1,1
2598_10,1,1
9209_10,1,1
3831_1,0,0
7171_9,1,1
1850_10,0,1
8728_7,1,1
7698_7,1,1
5954_10,1,1
7104_7,0,1
5617_2,0,0
3896_1,0,0
4355_1,0,0
4212_7,0,1
622_1,0,0
3368_8,0,1
2870_1,0,0
12107_9,1,1
8016_8,1,1
8752_4,0,0
10653_10,1,1
7245_10,1,1
9742_9,0,1
7637_4,1,0
11903_10,1,1
9818_3,0,0
373_2,0,0
110_10,1,1
2450_10,1,1
9009_3,0,0
9132_2,0,0
11076_1,0,0
4285_4,0,0
109_8,0,1
2585_8,0,1
7781_1,0,0
1359_10,1,1
9773_3,0,0
10328_10,1,1
12063_1,0,0
12061_1,0,0
555_7,1,1
2288_4,0,0
1259_10,0,1
12098_1,0,0
6493_9,1,1
324_3,0,0
7834_8,0,1
8918_7,1,1
10736_9,1,1
5272_3,0,0
4302_1,0,0
646_1,0,0
10868_9,1,1
9654_8,1,1
10790_10,1,1
10589_3,0,0
6364_10,0,1
8477_1,0,0
6938_2,0,0
9420_3,0,0
1527_10,1,1
5769_1,0,0
1655_9,1,1
3917_10,0,1
8666_4,0,0
11820_2,0,0
11633_8,0,1
6136_4,0,0
10293_1,0,0
1084_1,0,0
12287_9,1,1
11297_1,0,0
6913_1,0,0
11371_10,0,1
9937_4,0,0
11341_10,1,1
5233_9,1,1
4358_10,1,1
10735_10,1,1
5234_1,0,0
7523_1,0,0
5758_3,0,0
11916_10,0,1
10276_8,0,1
5950_4,0,0
10329_10,1,1
8419_1,0,0
3343_4,0,0
3640_3,0,0
10160_7,0,1
1181_10,1,1
9181_1,0,0
5778_7,0,1
3659_9,0,1
4695_10,1,1
25_10,1,1
6127_2,0,0
1343_2,0,0
1110_4,0,0
12166_10,1,1
1853_8,1,1
6651_1,0,0
4927_1,0,0
10933_3,0,0
6911_9,1,1
467_9,0,1
2267_4,0,0
9005_3,0,0
10493_1,0,0
8159_7,1,1
10039_1,0,0
5147_1,0,0
12176_10,0,1
9299_9,1,1
2824_10,0,1
7695_1,0,0
8870_9,0,1
4063_8,0,1
396_2,0,0
9016_3,0,0
10148_10,1,1
2028_8,0,1
3738_7,0,1
11365_1,0,0
9987_9,0,1
4050_10,1,1
8028_9,0,1
10161_7,1,1
5997_3,0,0
7771_1,0,0
765_9,1,1
6558_1,0,0
9148_9,1,1
10100_10,1,1
11870_3,0,0
143_4,0,0
5865_10,1,1
2364_10,1,1
4695_2,0,0
3150_10,1,1
4181_10,1,1
8121_8,1,1
3263_10,1,1
9178_8,1,1
11323_2,0,0
8922_10,1,1
7884_3,0,0
6474_1,1,0
9697_8,0,1
9184_1,0,0
9483_9,1,1
5353_10,1,1
5978_2,0,0
7162_4,1,0
12175_3,0,0
8229_8,0,1
8618_2,0,0
854_1,0,0
1379_10,0,1
10833_9,1,1
2244_4,0,0
8145_3,0,0
9069_3,0,0
691_7,0,1
421_1,0,0
951_1,0,0
4966_4,0,0
9116_10,1,1
7903_10,1,1
3684_3,0,0
9435_1,0,0
4998_1,0,0
9698_1,0,0
209_10,1,1
10314_9,1,1
6677_8,0,1
3044_7,1,1
1322_1,0,0
3185_1,0,0
6619_1,0,0
3765_7,0,1
3348_9,0,1
11833_4,0,0
2250_1,0,0
7760_10,0,1
8619_8,1,1
5790_9,1,1
9197_1,0,0
4350_2,0,0
11545_10,1,1
12448_10,0,1
7160_2,0,0
5966_4,1,0
5284_10,1,1
5276_8,0,1
7498_1,0,0
10729_9,1,1
1827_3,0,0
3111_1,0,0
8298_8,0,1
12447_7,0,1
8035_3,0,0
1203_7,0,1
7620_1,0,0
2375_4,0,0
4026_2,0,0
1925_1,0,0
3658_1,0,0
114_10,1,1
3386_2,0,0
377_9,1,1
8855_10,1,1
10476_10,1,1
9073_4,0,0
3255_2,0,0
2918_9,1,1
5221_7,1,1
7546_1,0,0
8080_7,0,1
7434_10,0,1
1772_1,0,0
2690_9,0,1
7133_9,0,1
9947_9,0,1
11865_1,0,0
6346_10,1,1
2945_3,0,0
3625_8,1,1
694_4,0,0
6795_10,1,1
9353_4,0,0
12345_10,0,1
5316_2,0,0
12204_2,0,0
2186_10,1,1
5568_1,0,0
11080_1,0,0
228_1,0,0
7795_1,0,0
4886_3,0,0
11547_9,1,1
7494_2,0,0
5466_2,0,0
3655_8,1,1
4790_1,0,0
12370_10,1,1
546_3,1,0
11818_8,1,1
9426_7,1,1
1524_3,0,0
6486_3,0,0
5288_3,0,0
6797_3,0,0
8130_4,1,0
4064_1,0,0
4832_1,0,0
7232_1,0,0
7279_3,0,0
8356_3,0,0
3556_4,0,0
4097_7,1,1
7801_1,0,0
8393_1,0,0
5847_7,1,1
4470_4,0,0
6922_3,0,0
1094_7,0,1
10740_10,1,1
4933_8,1,1
7794_10,1,1
7218_1,0,0
12470_7,1,1
2980_7,1,1
10896_4,0,0
8652_8,1,1
3638_4,0,0
9497_3,0,0
9266_8,1,1
7392_9,0,1
10_7,0,1
2466_7,0,1
1612_2,0,0
10262_7,1,1
2193_4,0,0
179_10,1,1
6025_4,0,0
7633_7,0,1
9716_1,0,0
9487_10,0,1
9800_9,1,1
6424_8,1,1
835_4,0,0
11351_4,0,0
5508_2,0,0
12395_1,0,0
11986_7,0,1
9947_3,1,0
11529_8,1,1
93_1,0,0
9914_8,1,1
7953_9,1,1
9418_2,0,0
9089_8,0,1
10337_10,1,1
4440_1,0,0
890_1,0,0
6965_3,0,0
6540_7,1,1
7693_10,1,1
6470_2,0,0
9262_3,1,0
1901_10,0,1
5107_10,0,1
6013_3,0,0
9295_3,0,0
3450_9,1,1
820_9,0,1
3207_10,1,1
2620_9,1,1
9175_1,0,0
3058_3,0,0
4648_2,0,0
2012_9,1,1
8131_1,0,0
4808_4,0,0
9182_7,1,1
6829_3,0,0
10736_3,0,0
12347_10,1,1
9973_9,1,1
5320_4,1,0
4462_2,0,0
2573_10,0,1
5580_1,0,0
11771_1,0,0
10782_2,1,0
7719_3,0,0
1897_10,0,1
8797_8,1,1
5464_10,1,1
6480_1,0,0
10346_4,0,0
9386_7,0,1
1027_4,0,0
11905_10,1,1
7804_10,0,1
1491_1,0,0
6521_1,0,0
11835_1,0,0
9661_3,0,0
9476_7,0,1
1398_8,0,1
7373_2,0,0
10278_7,1,1
1422_4,0,0
2823_1,0,0
2691_3,0,0
5825_4,0,0
4113_1,0,0
10081_10,0,1
6700_1,0,0
4482_3,0,0
652_8,1,1
5364_3,0,0
2853_7,0,1
4328_10,1,1
2636_7,0,1
10850_10,1,1
12059_1,0,0
4135_8,1,1
6311_2,0,0
12379_3,0,0
7288_4,0,0
1463_9,1,1
2112_7,1,1
3942_8,1,1
7693_1,0,0
2451_10,0,1
11441_10,1,1
11331_8,1,1
7233_2,0,0
649_2,0,0
6388_10,1,1
3861_10,0,1
4188_10,1,1
10556_10,1,1
5855_4,0,0
7153_2,0,0
9710_2,0,0
7607_10,0,1
4534_7,0,1
11074_1,0,0
9650_7,1,1
10921_4,1,0
6121_1,0,0
10458_1,0,0
9602_1,0,0
9693_3,0,0
9188_3,1,0
6333_9,0,1
8905_10,1,1
1335_7,1,1
11513_10,0,1
6925_10,1,1
10928_10,1,1
12454_1,0,0
6286_10,0,1
5163_10,1,1
10200_7,0,1
3501_10,1,1
6574_3,0,0
5169_1,1,0
2640_8,1,1
7117_10,0,1
3569_3,0,0
9810_10,0,1
2080_2,0,0
3437_2,0,0
7503_8,1,1
3753_3,0,0
10868_1,0,0
12385_10,0,1
11870_8,1,1
6694_9,0,1
11824_10,1,1
1750_4,0,0
572_10,0,1
970_4,0,0
12211_10,0,1
6972_7,1,1
1554_1,0,0
8868_7,0,1
501_1,0,0
2023_1,0,0
4272_3,0,0
2536_10,0,1
2819_7,0,1
1810_1,0,0
11364_3,0,0
6086_1,0,0
1901_3,0,0
2847_3,0,0
6224_1,0,0
4305_1,0,0
3685_3,0,0
6292_2,0,0
10626_8,1,1
10721_4,1,0
8086_9,1,1
7886_8,0,1
6601_2,0,0
3806_8,0,1
2611_1,0,0
1696_10,0,1
3823_10,0,1
6917_4,0,0
9469_4,0,0
9498_9,1,1
11046_1,0,0
6519_9,1,1
10676_8,0,1
3139_9,1,1
1098_9,1,1
2588_8,1,1
9924_1,0,0
2131_3,0,0
236_3,0,0
5390_2,0,0
11292_10,0,1
4149_8,1,1
610_1,1,0
10184_1,0,0
9123_3,0,0
3220_3,0,0
9124_2,0,0
9103_1,0,0
2896_10,1,1
8478_1,0,0
11845_2,0,0
3646_1,1,0
12254_7,1,1
857_7,1,1
592_3,0,0
1276_9,1,1
5096_10,1,1
10725_1,0,0
8426_4,0,0
10244_2,0,0
4786_9,0,1
8358_7,0,1
5266_7,1,1
3581_10,1,1
12349_1,0,0
3429_4,0,0
9807_9,0,1
6631_2,0,0
4981_1,0,0
273_1,0,0
733_7,0,1
4982_3,0,0
2347_10,0,1
6263_10,1,1
3699_9,1,1
2270_8,1,1
8095_10,1,1
3347_8,0,1
4161_4,1,0
3331_3,0,0
6845_3,0,0
9272_4,1,0
997_7,1,1
1798_10,0,1
4262_10,0,1
4868_7,1,1
7487_1,0,0
8262_10,0,1
12397_1,0,0
4786_4,0,0
3240_9,0,1
10992_10,1,1
8209_1,0,0
6089_10,0,1
9735_7,1,1
2554_4,0,0
8995_10,1,1
5732_4,1,0
1088_8,1,1
12345_4,0,0
9364_4,0,0
12348_1,0,0
3311_2,0,0
6707_4,0,0
7048_7,1,1
9736_4,1,0
2975_10,1,1
982_4,0,0
3227_4,0,0
5185_1,0,0
2131_8,1,1
6941_8,0,1
11936_8,0,1
2383_8,0,1
3057_9,1,1
8058_1,0,0
4622_8,0,1
2208_10,0,1
12144_8,1,1
2737_10,1,1
3550_3,0,0
2789_8,1,1
11757_9,1,1
10676_4,0,0
2855_2,0,0
2740_3,0,0
8609_7,1,1
2147_4,1,0
8093_2,0,0
10335_1,0,0
1098_4,0,0
6255_10,0,1
7276_1,0,0
11301_10,1,1
1334_3,0,0
8983_9,1,1
1694_1,1,0
9658_1,0,0
8438_8,1,1
536_3,0,0
7074_10,1,1
1992_2,0,0
5040_8,1,1
753_2,0,0
7967_4,1,0
3763_2,0,0
3953_2,0,0
3351_4,0,0
1704_8,1,1
6817_10,1,1
11914_4,0,0
12071_10,1,1
6969_4,0,0
11992_1,0,0
11532_4,0,0
5253_9,1,1
5596_9,1,1
6560_1,0,0
8082_1,0,0
864_2,0,0
5929_8,0,1
10217_4,0,0
11277_4,0,0
10701_10,1,1
1245_8,1,1
10024_9,0,1
3344_1,0,0
12006_10,1,1
1031_1,0,0
665_10,0,1
10460_1,0,0
7038_9,0,1
7843_8,1,1
5095_9,0,1
11426_3,0,0
265_9,1,1
7163_4,0,0
77_2,0,0
4709_10,1,1
11151_9,0,1
2269_1,0,0
820_1,0,0
1451_7,0,1
281_1,0,0
6598_1,0,0
4341_1,0,0
9560_3,0,0
4698_1,0,0
7408_3,0,0
11729_4,0,0
11489_3,0,0
9711_1,0,0
9994_10,1,1
586_8,1,1
8047_10,1,1
4531_7,0,1
1293_1,0,0
7581_3,0,0
5129_4,0,0
1748_1,0,0
8155_1,0,0
8827_7,0,1
6616_8,1,1
1040_9,0,1
10942_1,1,0
5306_1,0,0
8168_1,0,0
291_9,1,1
383_9,0,1
11908_9,1,1
7898_10,0,1
4043_2,0,0
3376_8,0,1
3067_7,0,1
11496_8,1,1
9885_2,0,0
3554_10,1,1
2986_3,1,0
1332_7,0,1
5585_8,1,1
5981_3,0,0
1556_1,0,0
8523_10,1,1
11792_1,0,0
7610_10,1,1
12114_9,1,1
8589_1,0,0
3898_8,0,1
5101_10,1,1
9607_1,1,0
6673_8,1,1
7662_1,0,0
2241_1,0,0
6674_2,0,0
7797_1,0,0
6400_2,0,0
628_8,0,1
4898_4,1,0
11592_2,0,0
1311_2,0,0
5494_3,0,0
7067_10,1,1
11267_10,1,1
6797_10,1,1
9987_1,0,0
9740_3,0,0
6743_1,0,0
5302_1,0,0
8464_8,1,1
7846_4,1,0
5990_1,0,0
10889_2,0,0
11406_8,0,1
9093_4,0,0
8501_1,0,0
8431_4,0,0
8076_1,0,0
6831_8,1,1
984_8,0,1
369_1,0,0
9668_10,1,1
2972_10,1,1
5611_1,0,0
659_1,0,0
6360_7,0,1
7628_7,0,1
5311_9,0,1
2005_10,1,1
5396_1,0,0
1308_3,0,0
4737_3,0,0
8042_1,0,0
11585_3,0,0
1182_2,0,0
2581_9,1,1
10496_1,0,0
3561_7,1,1
8272_1,0,0
6571_4,0,0
3125_7,0,1
9120_3,0,0
12220_1,0,0
5783_3,0,0
105_8,1,1
11885_9,1,1
11317_1,0,0
7999_7,1,1
5800_7,0,1
2811_8,0,1
7381_9,1,1
9828_7,0,1
7849_4,1,0
8174_4,0,0
9320_1,0,0
5747_7,1,1
11097_3,0,0
6472_2,0,0
1200_10,1,1
10125_4,0,0
5422_10,1,1
9889_9,1,1
7370_2,0,0
696_4,0,0
8609_4,0,0
11850_7,1,1
889_7,1,1
8695_2,0,0
4944_1,0,0
6899_8,1,1
3388_10,1,1
1051_1,0,0
431_2,0,0
2353_1,0,0
5131_3,0,0
482_9,0,1
1283_10,1,1
10884_1,0,0
221_9,1,1
8688_3,0,0
9891_10,1,1
705_10,1,1
5604_1,0,0
4960_3,0,0
12439_1,0,0
8897_1,0,0
3549_8,1,1
7301_7,0,1
8183_3,0,0
7751_10,0,1
9084_9,1,1
3048_1,0,0
8443_1,0,0
3373_3,0,0
3867_4,0,0
604_3,0,0
2162_1,0,0
4367_9,1,1
10255_10,0,1
1909_9,0,1
1446_3,0,0
1247_1,0,0
2703_1,0,0
921_1,0,0
156_9,1,1
7516_4,0,0
6155_4,0,0
8991_3,0,0
3813_3,0,0
551_4,0,0
12326_1,0,0
5102_3,1,0
10901_3,0,0
1517_1,0,0
8762_10,1,1
1282_10,1,1
2531_9,1,1
7764_8,1,1
2906_8,0,1
6730_7,0,1
7749_9,1,1
7765_3,0,0
12412_7,1,1
582_4,0,0
5792_1,0,0
2174_7,0,1
7605_10,1,1
2721_1,0,0
2151_10,0,1
8152_1,0,0
6488_7,1,1
9446_8,0,1
10617_8,1,1
12455_2,0,0
7377_10,0,1
11891_2,0,0
4319_4,0,0
1050_9,1,1
9109_2,0,0
10500_1,0,0
11749_7,1,1
12250_2,0,0
1193_2,1,0
8313_8,1,1
8918_4,0,0
7122_10,0,1
6210_8,1,1
10050_8,1,1
4921_10,1,1
1857_7,1,1
9718_10,1,1
2482_1,0,0
2624_1,0,0
3284_2,0,0
11435_3,0,0
10971_7,0,1
2606_4,0,0
7540_9,1,1
10929_4,1,0
8566_8,0,1
4693_1,0,0
1281_2,0,0
267_1,0,0
2133_10,1,1
6762_8,0,1
1043_9,1,1
2812_4,0,0
6981_4,0,0
4038_9,1,1
4256_10,0,1
8206_1,0,0
2060_2,0,0
7372_1,0,0
732_3,0,0
5367_7,1,1
9765_10,1,1
8843_4,0,0
9723_10,1,1
11966_8,0,1
5087_8,0,1
9379_9,1,1
9615_2,0,0
991_7,1,1
4461_4,0,0
5857_1,0,0
2358_3,0,0
5247_10,0,1
12430_8,0,1
5943_4,0,0
11917_10,0,1
4144_4,0,0
3128_7,1,1
5152_10,1,1
8028_1,0,0
788_1,0,0
9552_2,0,0
12051_4,0,0
701_4,0,0
5738_7,0,1
5953_1,0,0
3694_10,0,1
12371_10,1,1
650_10,0,1
3772_8,0,1
3919_9,0,1
12420_10,0,1
6164_1,0,0
12202_10,0,1
4142_3,0,0
285_4,0,0
9190_4,0,0
9297_10,1,1
2857_1,0,0
5576_10,1,1
7603_1,0,0
1987_10,0,1
6978_1,0,0
2390_3,0,0
662_4,0,0
7957_1,0,0
3009_2,0,0
9574_1,0,0
703_2,0,0
11871_4,0,0
8056_2,0,0
11468_2,0,0
7549_10,0,1
4506_1,0,0
160_1,0,0
2400_1,0,0
146_8,1,1
1174_7,1,1
1623_2,0,0
2909_1,0,0
9284_3,0,0
753_7,0,1
456_1,0,0
329_1,0,0
1996_10,1,1
7468_10,1,1
11219_3,0,0
5749_8,1,1
1563_2,0,0
9713_8,0,1
12467_2,0,0
5686_2,0,0
6424_2,0,0
11137_10,0,1
5613_7,1,1
2113_2,0,0
8623_8,1,1
2086_10,1,1
6846_8,0,1
3230_2,0,0
4973_4,0,0
2935_2,0,0
12176_1,0,0
6272_9,0,1
728_10,1,1
9843_2,0,0
4897_2,0,0
12121_3,0,0
11934_4,0,0
1453_2,0,0
9676_9,0,1
3072_10,1,1
6667_2,1,0
8932_9,0,1
9452_10,0,1
953_2,0,0
3268_3,0,0
6276_1,0,0
2522_3,0,0
2630_10,1,1
2031_10,1,1
3754_10,0,1
10791_1,0,0
7755_3,0,0
11180_10,1,1
8020_9,0,1
3767_4,1,0
3519_10,0,1
8180_9,1,1
11639_4,0,0
7540_2,1,0
4746_1,0,0
4027_1,0,0
952_1,1,0
4070_1,0,0
8346_1,0,0
1499_9,1,1
1601_4,1,0
1698_1,0,0
3055_3,0,0
7744_1,0,0
3183_8,1,1
9482_1,0,0
3712_4,0,0
9260_4,1,0
10042_1,0,0
3873_3,0,0
11273_10,1,1
2918_1,0,0
1292_3,0,0
1837_2,0,0
4650_4,0,0
8686_4,0,0
11307_8,1,1
10044_2,0,0
12035_1,0,0
2259_9,1,1
6582_1,1,0
10194_1,0,0
7932_10,0,1
8064_8,0,1
5017_4,1,0
6456_9,1,1
10768_8,1,1
9479_10,1,1
9734_4,0,0
2245_1,0,0
7275_3,1,0
1193_10,1,1
3883_4,0,0
5456_3,0,0
10014_2,0,0
8045_9,0,1
9093_7,0,1
9971_1,0,0
1052_3,0,0
10952_1,0,0
3449_7,0,1
2488_1,1,0
8422_3,0,0
1541_10,1,1
11863_1,0,0
10102_2,0,0
3838_9,1,1
8538_3,0,0
12432_1,0,0
6339_10,0,1
1860_10,1,1
11402_1,0,0
10770_2,0,0
8046_8,1,1
2748_3,0,0
361_9,1,1
8427_10,1,1
11792_10,1,1
10331_9,1,1
3506_1,0,0
7374_7,1,1
5658_9,1,1
7170_2,0,0
6144_1,0,0
5035_7,1,1
4566_3,0,0
9544_1,0,0
1959_9,0,1
2390_9,1,1
4960_9,0,1
3425_2,0,0
4000_10,1,1
12418_3,0,0
9771_10,1,1
621_7,1,1
3510_1,0,0
6893_7,0,1
3680_9,1,1
3118_9,1,1
5433_7,0,1
8381_9,1,1
10205_10,1,1
1437_1,0,0
5675_2,0,0
1597_7,1,1
1549_1,0,0
11391_10,1,1
12101_8,1,1
9356_8,1,1
10128_1,0,0
11249_4,0,0
12441_2,0,0
7486_2,0,0
4905_9,1,1
5441_1,0,0
2613_10,0,1
10351_3,0,0
10459_10,0,1
2565_8,1,1
1338_1,0,0
823_7,0,1
8924_7,0,1
1382_10,0,1
4150_7,0,1
6004_8,1,1
2508_10,1,1
10935_8,0,1
692_7,1,1
7778_10,1,1
2016_10,1,1
1042_3,0,0
7823_1,0,0
149_1,0,0
5551_3,0,0
366_8,1,1
3483_10,1,1
278_1,0,0
9951_4,0,0
2731_10,1,1
4403_10,1,1
5307_1,0,0
8185_9,1,1
11059_8,1,1
10273_10,0,1
5336_4,0,0
5147_7,0,1
1525_1,0,0
8507_7,1,1
8501_10,1,1
2424_2,0,0
8959_9,1,1
11318_8,1,1
1270_8,1,1
1655_1,0,0
10161_1,0,0
8531_10,0,1
9144_4,0,0
1201_2,0,0
11822_10,1,1
11486_3,0,0
8038_10,1,1
1981_2,0,0
11901_10,1,1
5441_9,1,1
11709_9,1,1
9333_8,1,1
7881_3,0,0
2815_9,0,1
3251_3,0,0
1792_3,0,0
8625_2,0,0
4221_3,0,0
2742_10,1,1
11118_4,0,0
11613_3,0,0
6104_1,0,0
3046_1,0,0
8729_4,0,0
1827_10,0,1
762_7,0,1
8855_2,0,0
7573_3,0,0
8616_4,0,0
4830_7,0,1
6646_1,0,0
8746_4,0,0
1875_7,0,1
1221_10,1,1
11842_2,0,0
3002_1,0,0
5776_1,0,0
5479_10,1,1
6034_4,0,0
10984_1,0,0
12043_2,0,0
4961_8,1,1
9601_10,0,1
2216_4,0,0
1189_10,1,1
8461_4,0,0
2575_10,0,1
3782_1,0,0
8927_8,1,1
7006_4,0,0
6103_7,1,1
3218_10,1,1
797_10,0,1
76_4,0,0
9497_7,1,1
9637_1,1,0
1070_10,1,1
9732_10,0,1
8144_3,0,0
6247_10,0,1
10230_7,1,1
10731_3,0,0
740_8,1,1
2145_8,1,1
834_8,0,1
6621_10,1,1
1749_4,0,0
5730_10,0,1
11167_4,0,0
1106_9,1,1
8152_10,1,1
11968_8,1,1
7728_9,1,1
237_1,0,0
10754_1,0,0
1055_10,1,1
65_7,0,1
4092_3,0,0
3337_7,1,1
3163_8,0,1
7645_1,0,0
10883_1,0,0
4597_7,1,1
11850_1,0,0
1025_10,1,1
11908_2,1,0
7838_4,0,0
7725_7,1,1
8146_9,1,1
3741_8,1,1
323_2,0,0
8244_3,0,0
4593_1,0,0
6902_1,0,0
1791_1,0,0
11490_10,1,1
4200_1,0,0
1611_2,0,0
3215_10,0,1
5864_10,0,1
3776_1,0,0
6356_9,1,1
9139_10,1,1
5115_10,1,1
3064_10,1,1
149_9,1,1
2873_3,0,0
3790_1,0,0
3136_9,1,1
1696_3,0,0
4961_2,0,0
11918_10,1,1
3663_10,1,1
8115_3,0,0
3690_8,0,1
11431_1,0,0
3830_10,1,1
11896_10,0,1
8753_10,1,1
10121_1,0,0
1142_7,1,1
7188_7,1,1
7044_1,0,0
11750_4,0,0
7688_10,1,1
12292_10,1,1
5533_1,0,0
4147_4,0,0
8515_2,0,0
10756_3,0,0
11899_10,0,1
11867_2,0,0
7814_8,1,1
1855_10,1,1
10357_2,0,0
5218_1,0,0
6641_9,1,1
5777_10,1,1
11982_1,0,0
10980_10,1,1
8585_8,0,1
941_2,0,0
1697_7,1,1
9872_8,1,1
2377_4,0,0
2033_8,1,1
5864_1,0,0
4295_7,1,1
2610_1,0,0
1730_10,0,1
11095_8,0,1
1699_8,0,1
344_9,1,1
7136_3,0,0
2402_10,0,1
472_10,1,1
170_7,0,1
7019_1,1,0
11798_10,1,1
7549_2,0,0
8414_10,1,1
573_3,0,0
6678_1,0,0
10002_3,0,0
3905_3,0,0
1849_4,0,0
7959_2,0,0
597_4,0,0
2719_8,1,1
10519_1,0,0
6112_1,0,0
1322_9,1,1
12415_8,1,1
6727_1,0,0
12393_1,0,0
8545_9,0,1
528_7,1,1
12267_8,1,1
5842_10,1,1
8471_2,0,0
3912_9,0,1
4831_8,1,1
5767_3,0,0
10631_9,1,1
8069_8,1,1
190_9,1,1
12343_7,0,1
645_1,0,0
10326_1,0,0
11271_9,0,1
11808_8,1,1
3200_2,0,0
4518_2,0,0
8307_2,0,0
2057_10,0,1
3705_1,0,0
11581_7,1,1
11777_9,0,1
1367_3,0,0
12248_9,1,1
2994_8,0,1
5170_1,0,0
8781_7,1,1
9137_1,0,0
9970_4,0,0
3412_7,1,1
9399_1,0,0
7917_8,0,1
1157_1,0,0
12489_10,1,1
5365_8,1,1
9295_10,0,1
11505_1,0,0
8647_4,0,0
6609_2,0,0
6859_1,0,0
2436_10,1,1
4255_4,0,0
12347_1,0,0
4237_4,0,0
11687_10,1,1
2964_7,0,1
2836_4,0,0
1944_4,0,0
3218_1,0,0
2752_10,1,1
9994_3,0,0
11566_8,1,1
5741_10,1,1
7127_10,1,1
11864_2,0,0
5159_9,1,1
658_3,0,0
10177_3,0,0
4843_1,0,0
1441_1,0,0
2741_2,0,0
6045_3,0,0
7020_8,1,1
2120_1,0,0
2336_1,0,0
10167_9,1,1
10251_3,0,0
9335_4,0,0
6670_3,0,0
9937_7,0,1
3258_7,1,1
3234_7,0,1
3601_1,0,0
5635_9,0,1
11427_7,1,1
3349_4,0,0
1334_10,0,1
10474_10,1,1
2361_10,1,1
1471_2,0,0
10705_10,1,1
10559_7,1,1
3070_10,0,1
10087_1,0,0
1952_7,1,1
682_9,1,1
6576_10,1,1
956_3,0,0
3960_1,0,0
62_2,0,0
3200_8,1,1
2127_1,0,0
6878_9,1,1
1600_10,1,1
11995_7,0,1
5239_2,0,0
6018_7,1,1
9185_1,0,0
4707_7,0,1
12407_10,1,1
5831_10,1,1
2264_7,1,1
7226_8,0,1
6337_7,0,1
5047_3,0,0
228_10,1,1
4230_1,0,0
4058_8,0,1
5634_4,0,0
11680_1,0,0
1320_9,1,1
12461_8,1,1
10076_10,1,1
9170_8,1,1
4519_10,1,1
5906_2,0,0
2065_8,0,1
8453_10,1,1
262_1,0,0
454_10,1,1
11532_8,1,1
8169_2,1,0
6873_8,0,1
10061_4,1,0
11565_4,0,0
258_1,0,0
5896_1,0,0
4395_1,0,0
3774_1,0,0
12340_8,0,1
7497_8,0,1
4321_2,0,0
6258_2,0,0
3950_1,0,0
9998_8,1,1
3524_8,0,1
2003_10,0,1
10366_3,0,0
2602_10,1,1
8684_8,1,1
12268_9,0,1
4846_8,1,1
5969_1,0,0
173_4,0,0
2790_10,1,1
2637_1,0,0
10239_1,0,0
5120_9,1,1
3802_10,0,1
6897_7,0,1
8478_9,1,1
2441_4,0,0
4827_1,0,0
4326_1,0,0
252_3,0,0
7201_8,0,1
801_2,0,0
10008_4,0,0
6740_10,0,1
674_3,0,0
6341_9,0,1
1882_7,0,1
10843_10,1,1
1593_4,0,0
3592_1,0,0
4658_4,0,0
2564_2,0,0
7229_9,0,1
4186_1,0,0
10227_3,0,0
4580_3,0,0
10367_3,0,0
10034_9,1,1
6834_10,1,1
11326_9,1,1
4683_1,0,0
5596_1,0,0
4238_3,0,0
11881_10,1,1
11910_2,1,0
934_1,0,0
3660_8,1,1
365_1,0,0
3677_9,1,1
6522_10,0,1
3167_10,1,1
6104_10,0,1
2584_2,0,0
4264_8,0,1
5648_9,1,1
1863_9,1,1
7464_10,0,1
7643_8,1,1
7030_10,1,1
2768_2,0,0
3845_1,0,0
11590_10,1,1
8578_3,0,0
8733_9,0,1
4099_1,0,0
5810_1,0,0
442_3,0,0
1374_9,0,1
7704_10,0,1
4526_1,0,0
2978_8,0,1
3096_1,0,0
1589_9,1,1
11197_7,1,1
6751_8,0,1
10043_10,1,1
4045_2,0,0
7706_8,0,1
1876_10,0,1
4224_9,1,1
10833_1,0,0
11549_10,1,1
7081_8,1,1
6410_8,1,1
10609_9,1,1
9910_1,0,0
4474_7,1,1
9775_9,0,1
9245_10,1,1
11514_8,1,1
3182_4,0,0
3127_3,0,0
7311_1,0,0
4266_10,0,1
12410_10,1,1
7548_1,0,0
10446_2,0,0
4854_2,0,0
1152_8,0,1
11660_4,0,0
3452_2,0,0
2401_7,1,1
11703_7,0,1
4053_2,0,0
4882_9,0,1
8050_7,0,1
9053_4,0,0
12313_10,1,1
12085_1,0,0
2130_2,0,0
8499_10,0,1
9230_3,0,0
2697_10,1,1
7682_3,0,0
1473_7,0,1
3124_4,0,0
10694_10,1,1
11541_9,1,1
7033_10,1,1
305_10,1,1
12164_8,0,1
7594_2,0,0
2101_3,0,0
9579_2,0,0
1482_4,0,0
4362_1,0,0
1263_9,1,1
2543_9,1,1
8642_1,0,0
229_1,0,0
12045_10,1,1
810_9,1,1
5188_7,1,1
2690_1,0,0
922_3,0,0
10957_10,1,1
9275_3,0,0
7289_10,1,1
1809_2,0,0
11846_1,0,0
5888_10,1,1
1506_7,0,1
6255_1,0,0
4995_7,1,1
2423_1,0,0
4030_8,1,1
4839_7,0,1
364_1,0,0
3510_9,0,1
2092_10,1,1
600_1,0,0
5490_9,1,1
9442_8,0,1
5330_8,1,1
10858_10,0,1
2746_8,0,1
848_9,0,1
6713_1,0,0
8274_10,1,1
2507_1,0,0
4558_1,0,0
957_2,0,0
11667_8,1,1
2374_2,0,0
8156_1,0,0
1080_8,1,1
11274_8,0,1
12467_10,1,1
5941_1,0,0
6205_1,0,0
4517_9,1,1
102_4,0,0
6022_8,0,1
10054_3,0,0
3907_3,0,0
5232_8,0,1
10064_2,0,0
6529_1,0,0
11003_1,0,0
9151_7,0,1
6612_8,0,1
12189_10,1,1
6510_2,0,0
3129_7,1,1
7864_2,0,0
11603_3,0,0
10741_9,1,1
2235_7,0,1
2125_2,0,0
2050_10,1,1
8397_1,0,0
5275_1,0,0
7755_10,1,1
12065_4,0,0
269_8,0,1
1933_2,0,0
9182_3,1,0
3153_10,1,1
3922_7,1,1
2674_3,0,0
7407_4,0,0
737_7,1,1
5223_1,0,0
10937_1,0,0
9026_4,0,0
1564_8,1,1
1724_10,1,1
1224_3,0,0
8536_4,0,0
11215_8,0,1
3063_10,1,1
9559_9,1,1
5165_2,0,0
9396_1,0,0
6404_1,0,0
6019_1,0,0
7249_8,0,1
1765_1,0,0
7685_4,0,0
8196_10,1,1
11749_1,0,0
1257_10,1,1
3488_8,1,1
8605_8,1,1
6697_4,0,0
11540_1,0,0
6262_4,0,0
1998_8,0,1
3019_1,0,0
1087_2,0,0
8356_8,0,1
10036_10,1,1
10547_10,0,1
2562_1,0,0
5096_3,1,0
12128_1,0,0
2574_10,1,1
10144_8,1,1
3678_1,0,0
2579_2,0,0
6695_7,0,1
1465_7,1,1
11846_9,0,1
1219_9,1,1
4936_9,1,1
12382_4,0,0
8807_1,0,0
7700_1,0,0
4209_8,1,1
10178_10,0,1
9835_8,0,1
161_3,0,0
670_3,0,0
7158_10,1,1
9502_4,0,0
9880_1,0,0
39_3,0,0
11161_9,1,1
12026_9,1,1
4439_3,0,0
8303_10,0,1
408_7,1,1
1065_9,1,1
5188_2,0,0
929_10,0,1
4765_7,1,1
2117_4,0,0
6653_4,0,0
2342_1,0,0
8445_1,0,0
1708_1,0,0
7995_10,0,1
1104_4,0,0
3847_1,0,0
7276_10,1,1
11269_7,0,1
3158_1,0,0
11061_1,0,0
851_7,1,1
8214_2,0,0
9174_1,0,0
7040_3,0,0
4082_4,1,0
3553_8,1,1
6733_10,1,1
4910_3,0,0
10149_1,0,0
5609_4,0,0
4174_3,0,0
9213_1,0,0
2881_9,1,1
1408_3,0,0
10832_1,0,0
7216_3,0,0
9905_10,1,1
9050_3,0,0
3789_4,0,0
6490_8,0,1
7649_7,1,1
6901_8,1,1
11597_9,1,1
3259_1,0,0
5936_3,0,0
1214_2,0,0
2840_1,0,0
1956_10,0,1
2392_2,0,0
239_9,1,1
6860_8,0,1
1716_9,0,1
9595_10,0,1
1630_1,0,0
11293_3,0,0
8288_10,1,1
6618_7,1,1
12378_1,0,0
11560_1,0,0
12124_8,1,1
486_10,1,1
6654_3,0,0
6915_10,1,1
8773_1,0,0
10211_4,0,0
5769_9,1,1
10038_4,0,0
3737_9,1,1
11512_1,1,0
8025_7,0,1
397_7,1,1
10670_9,1,1
11648_4,0,0
10361_1,0,0
12439_8,1,1
9958_8,1,1
8659_1,0,0
12400_1,0,0
10680_7,0,1
2435_10,1,1
5506_4,0,0
9025_3,0,0
5749_4,0,0
5090_1,0,0
2688_9,0,1
8397_10,0,1
8610_8,0,1
9398_10,1,1
5144_10,0,1
10797_10,1,1
9623_2,0,0
3269_8,1,1
5480_7,1,1
43_1,0,0
4156_1,0,0
1629_1,0,0
6536_10,0,1
8384_1,0,0
2820_10,1,1
7976_3,0,0
3745_10,0,1
11258_8,0,1
7908_7,1,1
9166_7,0,1
8976_8,0,1
3692_1,0,0
4937_4,0,0
11935_9,0,1
7722_7,1,1
8757_4,0,0
1218_10,0,1
3620_8,0,1
9017_4,0,0
8300_3,0,0
11325_4,0,0
1093_8,1,1
166_4,0,0
6088_10,1,1
2149_10,1,1
4884_9,1,1
9786_1,0,0
4258_3,0,0
9890_1,0,0
8911_1,0,0
11618_3,0,0
4510_1,0,0
3173_4,0,0
10418_1,0,0
8954_1,0,0
723_2,0,0
1164_1,0,0
11404_4,0,0
5737_3,0,0
10073_3,0,0
1900_8,0,1
9532_10,1,1
839_4,0,0
4562_1,0,0
3963_3,0,0
5220_10,0,1
663_9,0,1
10156_8,1,1
3759_7,0,1
5153_4,0,0
7580_3,0,0
12403_10,1,1
4893_8,0,1
892_8,0,1
79_2,0,0
10716_8,1,1
11452_7,1,1
1214_7,0,1
8901_10,1,1
12221_10,0,1
2055_9,0,1
5911_3,0,0
10866_3,0,0
10063_1,0,0
10563_9,0,1
11931_8,0,1
1180_1,0,0
8194_1,0,0
7837_4,1,0
1876_1,0,0
9203_1,0,0
10091_1,0,0
2434_9,1,1
7908_1,0,0
8591_4,1,0
4222_7,0,1
11430_4,1,0
757_1,0,0
6442_8,0,1
10056_8,1,1
3179_2,0,0
3130_3,0,0
11921_7,1,1
4139_9,0,1
195_10,1,1
6286_1,0,0
5701_2,0,0
7470_8,0,1
9205_9,0,1
10683_8,0,1
672_4,1,0
604_10,1,1
7757_10,1,1
5228_4,0,0
3998_10,0,1
7444_4,0,0
9684_10,1,1
8455_7,1,1
3989_8,1,1
1115_3,0,0
6469_4,0,0
4524_8,1,1
3103_7,0,1
3108_8,1,1
2219_10,1,1
10269_8,0,1
838_4,0,0
5367_1,0,0
9110_10,0,1
5736_1,0,0
5100_4,0,0
3399_4,0,0
7575_9,1,1
7954_9,1,1
870_7,1,1
3811_9,1,1
8011_9,1,1
8172_10,1,1
3209_4,0,0
7380_10,0,1
10210_3,0,0
8162_9,1,1
10784_9,1,1
482_1,0,0
1452_9,1,1
2686_4,0,0
543_8,0,1
495_2,0,0
2887_9,0,1
11780_1,0,0
9742_2,0,0
1762_1,0,0
5264_9,1,1
7958_4,0,0
6010_10,1,1
1284_9,0,1
10420_3,0,0
7736_7,0,1
1178_10,1,1
529_10,1,1
4063_4,0,0
10480_8,0,1
2412_2,0,0
5206_3,0,0
11963_9,1,1
663_1,0,0
352_4,1,0
7504_3,0,0
8678_1,0,0
2330_2,1,0
12282_1,0,0
6485_10,0,1
9306_1,0,0
7468_4,0,0
12207_1,0,0
6701_7,0,1
9861_7,0,1
6318_7,1,1
11612_1,0,0
4800_10,0,1
5360_3,0,0
4977_4,0,0
1678_9,0,1
5017_8,0,1
3087_9,0,1
1915_8,1,1
574_10,1,1
6062_8,1,1
2860_4,0,0
1800_4,0,0
1928_9,1,1
9890_10,1,1
12159_8,1,1
649_7,1,1
8708_1,0,0
8181_10,1,1
3495_1,0,0
11612_10,0,1
6919_10,1,1
12217_9,0,1
9276_4,0,0
3520_9,1,1
6492_4,1,0
3900_2,0,0
12298_9,0,1
12394_1,0,0
4873_8,0,1
4797_1,0,0
3197_9,1,1
2474_10,0,1
4042_10,1,1
10641_1,0,0
10882_2,0,0
4803_4,0,0
7459_10,0,1
1828_1,0,0
1718_10,0,1
9603_1,0,0
940_7,1,1
3074_4,0,0
8802_10,1,1
7180_4,0,0
5250_1,0,0
2734_7,1,1
2354_8,1,1
6805_1,1,0
11156_4,0,0
2734_3,0,0
12216_1,0,0
660_8,1,1
8978_10,1,1
6272_1,0,0
8294_4,0,0
11956_8,0,1
3265_1,0,0
705_2,0,0
9058_9,1,1
3582_3,0,0
6985_1,0,0
5611_9,0,1
9491_3,1,0
9945_3,0,0
1840_10,1,1
12280_3,0,0
1932_10,1,1
8682_10,1,1
5418_9,0,1
3354_9,0,1
8078_3,0,0
7747_1,0,0
2669_7,0,1
9180_7,1,1
1320_1,0,0
7742_8,1,1
6232_9,1,1
3459_9,1,1
1008_2,0,0
7987_8,1,1
5078_7,0,1
10660_10,1,1
10325_2,0,0
4951_3,0,0
10502_7,0,1
7548_9,0,1
2870_10,0,1
8136_4,0,0
9870_8,0,1
7588_4,0,0
7845_2,0,0
10334_7,1,1
4860_1,0,0
4855_9,0,1
1337_10,0,1
6403_3,0,0
9447_10,1,1
4724_3,0,0
10895_10,1,1
2171_4,0,0
5361_9,1,1
11056_2,0,0
9772_10,1,1
5719_8,1,1
3050_7,0,1
4406_1,0,0
9833_4,0,0
1217_2,0,0
2632_1,0,0
3250_1,0,0
5130_9,1,1
3526_7,0,1
2793_3,0,0
10708_3,0,0
6415_8,0,1
11258_2,0,0
11451_1,0,0
7724_2,0,0
4276_4,0,0
6058_1,0,0
4086_1,0,0
3670_8,1,1
7125_8,1,1
9377_8,0,1
763_2,0,0
7882_8,1,1
757_9,0,1
389_1,0,0
9102_10,1,1
9384_7,0,1
5684_8,0,1
12090_4,0,0
12002_4,0,0
5443_7,0,1
8782_9,0,1
9878_9,1,1
9640_1,0,0
999_3,1,0
6249_3,0,0
1656_7,1,1
6649_10,0,1
4630_1,0,0
11300_8,0,1
5894_10,0,1
3198_1,0,0
7924_2,1,0
6318_1,0,0
8075_2,0,0
10005_2,0,0
6431_8,0,1
635_2,0,0
1803_3,0,0
5721_4,0,0
1116_7,1,1
1456_4,0,0
51_10,1,1
7155_9,0,1
929_2,0,0
12269_1,0,0
10597_1,0,0
9005_7,0,1
10467_9,1,1
2251_9,1,1
1977_9,1,1
8539_8,0,1
2416_1,0,0
8508_9,0,1
10401_1,0,0
12217_2,0,0
5484_1,0,0
3833_10,0,1
465_4,0,0
7591_7,1,1
11485_9,0,1
3728_1,0,0
5538_8,1,1
10751_4,0,0
8883_8,1,1
6581_1,0,0
5476_1,0,0
4338_9,1,1
10343_1,0,0
2914_10,1,1
6103_1,0,0
7691_1,0,0
3444_3,0,0
2397_8,1,1
8255_8,0,1
1660_1,0,0
10154_2,0,0
2138_3,0,0
9614_3,0,0
2682_10,1,1
1813_3,0,0
10581_3,0,0
3733_4,0,0
5210_4,0,0
11961_8,1,1
7928_4,0,0
12156_4,1,0
11025_4,0,0
11233_10,1,1
473_1,0,0
6648_2,0,0
2451_1,0,0
7679_2,0,0
2954_9,1,1
9652_10,1,1
724_3,0,0
7592_4,0,0
7669_9,1,1
3816_1,0,0
1401_4,0,0
8551_2,0,0
7901_8,1,1
10552_4,0,0
330_10,0,1
232_4,0,0
12351_8,1,1
12451_10,1,1
5884_9,1,1
603_4,0,0
3415_7,1,1
8727_1,0,0
10099_4,0,0
7989_10,1,1
2329_2,0,0
5774_1,0,0
8201_3,0,0
3491_1,0,0
12210_10,0,1
7604_8,0,1
1676_10,1,1
6477_9,1,1
2521_10,1,1
9140_2,0,0
2463_4,0,0
587_8,1,1
7120_10,0,1
7734_10,1,1
7322_10,1,1
3803_2,0,0
2417_4,0,0
7757_4,0,0
478_9,0,1
12269_9,1,1
10472_3,0,0
2858_9,1,1
414_9,0,1
2552_4,0,0
11615_8,1,1
201_2,0,0
5624_3,0,0
5080_8,1,1
4507_10,1,1
1527_3,1,0
6282_1,0,0
3911_1,0,0
4616_9,1,1
9562_4,0,0
9975_8,0,1
7584_10,1,1
1121_1,0,0
382_10,0,1
11309_1,0,0
5424_10,0,1
8697_8,0,1
12420_2,0,0
5052_10,1,1
1037_1,0,0
346_7,0,1
2285_8,1,1
10867_1,0,0
4335_9,0,1
9088_7,0,1
11037_8,0,1
1993_4,0,0
11469_3,0,0
1834_2,0,0
10723_4,0,0
5377_3,0,0
1812_1,0,0
2760_8,1,1
12062_10,0,1
1847_1,0,0
1280_3,0,0
2106_8,1,1
5414_1,0,0
4930_10,1,1
5024_9,1,1
5295_9,0,1
5427_10,1,1
10526_2,0,0
5517_2,0,0
3971_8,1,1
12260_7,0,1
3676_10,1,1
4132_7,1,1
6721_8,1,1
2381_7,0,1
818_1,0,0
6503_7,1,1
12068_7,1,1
8847_1,0,0
10698_8,1,1
2347_3,0,0
9337_10,0,1
9070_4,0,0
7962_10,1,1
12183_4,1,0
12410_3,0,0
7988_9,1,1
8980_8,1,1
8568_4,0,0
8374_7,1,1
3561_4,1,0
692_4,0,0
4259_1,0,0
1627_1,0,0
7064_9,1,1
5410_7,1,1
10003_3,1,0
12068_3,0,0
8048_7,0,1
2590_1,0,0
3464_2,0,0
8423_10,0,1
5036_4,0,0
10030_3,0,0
5500_9,1,1
10129_10,1,1
1549_10,1,1
6463_10,1,1
1026_2,0,0
6681_10,1,1
11004_1,0,0
6191_10,1,1
9253_4,0,0
3193_10,1,1
7563_1,0,0
3104_7,1,1
6369_9,0,1
606_1,0,0
6069_10,1,1
6966_7,0,1
8945_4,0,0
4920_1,0,0
7358_10,0,1
9665_10,1,1
5005_1,0,0
12324_2,0,0
1878_1,0,0
5917_2,0,0
11912_7,1,1
11692_1,0,0
11505_10,1,1
5416_8,1,1
12072_1,0,0
4436_10,1,1
11762_1,0,0
5805_10,1,1
9464_1,0,0
9412_2,0,0
11262_4,0,0
853_7,1,1
7087_4,0,0
1896_10,0,1
9749_4,0,0
7431_2,0,0
10253_3,0,0
10675_4,0,0
4275_4,0,0
5399_8,0,1
9388_10,0,1
7019_10,1,1
10223_2,0,0
10216_1,0,0
2097_3,0,0
4243_3,0,0
8672_1,0,0
1260_3,0,0
1734_10,0,1
2955_9,1,1
12033_1,0,0
8243_3,0,0
8741_2,0,0
6481_7,0,1
7053_1,0,0
1624_8,1,1
2900_1,0,0
4328_1,0,0
11732_7,1,1
746_1,0,0
6004_3,0,0
6162_2,0,0
9375_4,0,0
10924_4,0,0
6304_4,0,0
10035_10,1,1
8867_2,0,0
9781_10,1,1
8902_8,1,1
1006_8,0,1
7230_1,0,0
8788_9,1,1
2079_10,1,1
11987_3,0,0
2724_7,1,1
8534_2,0,0
7052_1,0,0
4390_8,0,1
520_10,1,1
3936_3,1,0
5160_3,0,0
10519_8,1,1
8906_1,0,0
8750_4,0,0
8606_3,0,0
12038_2,0,0
2939_8,1,1
5721_10,1,1
6798_8,1,1
11820_10,1,1
6435_10,0,1
404_8,1,1
6066_9,1,1
7921_3,0,0
5468_3,0,0
7034_10,0,1
4309_3,0,0
8201_7,1,1
3656_10,1,1
8786_4,0,0
10564_3,0,0
7401_4,0,0
1163_1,0,0
9915_10,1,1
11080_10,0,1
4710_10,1,1
131_1,0,0
6387_3,0,0
3906_1,0,0
2075_1,0,0
11663_10,1,1
6149_3,0,0
6703_8,1,1
2440_8,1,1
10500_7,0,1
7349_1,0,0
10695_1,0,0
6905_1,0,0
4902_4,0,0
5298_9,0,1
6701_4,0,0
1344_10,0,1
284_10,0,1
9114_10,1,1
12102_10,1,1
11448_2,0,0
1053_10,1,1
8341_10,0,1
433_1,0,0
9534_4,0,0
6471_2,0,0
8971_10,1,1
433_8,1,1
298_10,0,1
5965_1,0,0
10408_10,0,1
9112_3,0,0
6726_9,0,1
1048_8,0,1
11046_9,1,1
4808_7,1,1
7027_9,1,1
12435_8,1,1
5480_1,0,0
8823_8,1,1
554_9,1,1
7167_2,0,0
10762_3,0,0
9036_8,1,1
12185_4,0,0
7763_10,1,1
10271_8,1,1
1159_8,0,1
11063_1,0,0
12479_4,0,0
11179_4,0,0
1736_1,0,0
4840_7,1,1
8233_2,0,0
1082_9,1,1
8378_7,0,1
7777_9,1,1
1883_9,1,1
7350_10,1,1
704_8,0,1
6554_8,1,1
1750_10,0,1
4969_2,0,0
10339_8,0,1
1902_4,0,0
5578_1,0,0
5502_1,0,0
7250_2,0,0
8856_4,0,0
10840_9,1,1
9730_10,0,1
11146_2,0,0
5988_3,0,0
9734_8,0,1
12338_8,0,1
9813_1,0,0
8928_2,0,0
5431_2,0,0
9467_9,1,1
4933_4,0,0
11280_10,0,1
10279_9,1,1
7024_1,0,0
9115_3,0,0
5701_10,1,1
9539_1,0,0
7655_7,1,1
4518_10,1,1
3039_4,0,0
8654_3,0,0
8893_4,0,0
3598_9,1,1
6443_1,0,0
3843_1,0,0
3848_9,1,1
3149_1,0,0
2152_1,0,0
11564_1,0,0
4391_8,0,1
950_10,1,1
10531_10,1,1
904_3,0,0
5293_9,1,1
2173_1,0,0
5992_2,0,0
782_3,0,0
1295_8,1,1
9659_1,0,0
2214_3,0,0
10772_3,0,0
7515_9,1,1
7294_2,0,0
7761_1,0,0
9027_9,0,1
6595_1,0,0
11003_8,1,1
601_10,0,1
2991_8,0,1
10937_8,0,1
7545_1,0,0
9747_1,0,0
7653_7,1,1
6886_1,0,0
8054_8,0,1
7299_9,1,1
2289_3,1,0
6569_1,0,0
10909_2,0,0
4022_7,1,1
5407_1,0,0
10211_8,1,1
9194_1,0,0
8113_8,1,1
12010_1,0,0
7373_7,1,1
3535_10,0,1
5265_10,1,1
7032_1,0,0
3391_10,1,1
969_9,0,1
450_2,0,0
12296_3,0,0
10855_10,1,1
2741_10,1,1
12403_1,0,0
6118_4,0,0
9001_1,0,0
172_4,0,0
4405_7,1,1
8923_8,1,1
5396_10,1,1
7183_1,0,0
3261_7,1,1
7445_10,0,1
11412_2,0,0
4765_3,0,0
5248_9,1,1
3172_2,0,0
10813_4,0,0
8054_1,0,0
5535_1,0,0
1306_8,1,1
135_3,0,0
10646_10,1,1
9906_1,0,0
8156_10,1,1
2806_1,0,0
9501_4,0,0
1882_3,0,0
11895_4,0,0
5420_10,0,1
11791_10,1,1
3798_2,0,0
3282_8,0,1
1278_1,0,0
1011_4,0,0
5263_9,0,1
11301_1,0,0
1946_7,1,1
3246_10,1,1
4130_8,1,1
4172_10,1,1
2619_2,0,0
5197_4,1,0
6060_9,1,1
7430_1,0,0
3511_10,0,1
6970_1,0,0
931_4,0,0
12374_10,1,1
10217_7,1,1
964_7,1,1
4859_1,0,0
5525_1,0,0
11471_1,1,0
5030_4,0,0
12177_2,0,0
8892_2,0,0
1073_4,0,0
7406_1,0,0
6345_9,0,1
7395_7,0,1
9952_7,1,1
5851_4,0,0
6880_7,1,1
642_9,1,1
6271_9,1,1
10983_1,0,0
5602_1,0,0
3834_1,0,0
6961_3,0,0
10102_8,1,1
6988_1,0,0
5803_9,1,1
6009_1,0,0
10294_2,0,0
9811_10,0,1
11298_8,0,1
4625_10,1,1
11263_3,0,0
11502_3,1,0
9690_10,0,1
4453_10,1,1
9741_10,0,1
12191_9,0,1
8019_8,1,1
2298_4,0,0
1489_4,0,0
4228_7,0,1
10905_1,0,0
5103_10,1,1
5641_1,0,0
11567_1,0,0
4040_10,1,1
4777_10,1,1
9612_10,1,1
3830_1,0,0
8781_2,0,0
9415_3,0,0
9171_3,0,0
478_3,0,0
10979_8,1,1
7073_4,0,0
5419_10,1,1
8505_3,0,0
7559_1,0,0
3827_9,0,1
9242_1,0,0
3133_10,1,1
9051_4,0,0
8604_10,1,1
4811_8,1,1
10697_10,1,1
6142_10,1,1
6740_1,0,0
7806_8,1,1
8326_4,0,0
12425_3,0,0
11113_1,0,0
8096_1,0,0
512_8,1,1
11144_7,1,1
2073_4,0,0
6966_4,0,0
12122_3,1,0
429_10,1,1
10294_9,1,1
9955_3,0,0
10878_10,1,1
9365_1,0,0
7317_8,1,1
2863_8,0,1
11935_3,0,0
2180_2,0,0
267_10,1,1
72_8,0,1
936_9,1,1
2363_4,0,0
11722_9,1,1
1353_7,1,1
3883_7,1,1
9475_8,1,1
2328_2,0,0
11982_9,1,1
10413_8,0,1
1277_2,0,0
6299_4,0,0
7536_9,1,1
8368_2,0,0
634_1,0,0
10095_3,0,0
8821_4,0,0
5669_10,1,1
4600_8,0,1
10859_1,0,0
140_9,0,1
153_8,0,1
8013_9,0,1
12389_1,1,0
8443_7,0,1
12290_10,0,1
12152_10,1,1
6442_3,0,0
7557_4,0,0
3699_4,0,0
6461_2,0,0
8641_10,1,1
10771_1,0,0
10539_2,0,0
10406_1,0,0
9617_4,0,0
9403_10,1,1
3015_1,0,0
181_10,1,1
2879_4,0,0
1758_8,1,1
9992_10,1,1
10769_7,0,1
5616_3,0,0
721_4,0,0
3035_1,0,0
7877_4,0,0
5554_4,0,0
1475_7,1,1
1538_7,0,1
3499_10,0,1
8815_4,0,0
5817_8,0,1
4179_1,0,0
3719_10,1,1
2538_2,0,0
4873_3,0,0
7283_9,0,1
1997_4,0,0
11036_4,0,0
4123_4,0,0
3520_3,0,0
10320_1,0,0
10185_10,1,1
10193_1,0,0
2506_7,1,1
9868_10,1,1
5603_2,0,0
8392_3,0,0
5322_4,0,0
12117_10,1,1
2411_8,0,1
9393_4,0,0
5968_8,1,1
6860_1,0,0
12144_4,1,0
2706_10,1,1
5655_1,0,0
2555_8,0,1
6091_9,1,1
712_9,0,1
9445_10,1,1
1777_10,0,1
490_8,0,1
318_10,0,1
10143_9,1,1
3608_8,0,1
686_4,1,0
12147_1,0,0
6782_10,1,1
5560_10,1,1
11621_8,1,1
11909_10,1,1
11938_9,1,1
1877_1,0,0
1298_1,0,0
11154_3,0,0
10898_7,0,1
9980_8,1,1
9719_10,1,1
516_1,0,0
2541_1,0,0
23_10,1,1
3517_1,0,0
10839_9,1,1
11461_9,0,1
10150_2,0,0
10664_9,1,1
6750_10,0,1
11165_4,1,0
3463_4,1,0
287_1,0,0
5582_1,0,0
1136_1,0,0
10316_1,0,0
1684_8,1,1
3556_9,0,1
11680_9,0,1
10775_10,1,1
5558_2,0,0
6203_10,1,1
4057_4,0,0
9010_8,1,1
1033_9,1,1
12116_9,1,1
8401_10,1,1
9863_4,0,0
2777_1,0,0
5797_3,0,0
9929_3,0,0
4177_1,0,0
2205_8,1,1
2839_8,1,1
7161_10,0,1
11724_4,0,0
10369_9,1,1
8702_2,0,0
1028_10,0,1
7226_4,0,0
8799_3,0,0
1573_8,0,1
12041_7,1,1
6207_7,0,1
399_8,1,1
1034_2,0,0
1610_4,0,0
596_10,1,1
6474_7,1,1
4464_3,0,0
10637_2,0,0
3272_10,1,1
10194_7,0,1
11906_3,0,0
3666_3,0,0
6148_4,0,0
4595_8,0,1
6146_1,0,0
7512_10,0,1
12333_1,0,0
3490_4,0,0
8495_1,0,0
955_4,0,0
10582_10,1,1
9477_8,1,1
7132_3,0,0
5214_1,0,0
8258_10,1,1
10387_1,0,0
268_10,1,1
8153_2,0,0
7353_3,0,0
7847_10,1,1
12028_10,1,1
2998_8,0,1
2641_8,0,1
11923_8,0,1
12322_1,0,0
11816_3,0,0
7111_3,0,0
8107_10,1,1
8835_8,1,1
10142_10,1,1
4445_3,0,0
976_8,0,1
1996_4,1,0
11496_3,0,0
1644_4,0,0
8573_3,0,0
10835_9,0,1
11531_8,1,1
5802_8,0,1
2501_3,0,0
530_2,0,0
1051_10,1,1
6629_1,0,0
10350_1,0,0
2943_10,1,1
7661_1,0,0
8359_3,0,0
10218_7,1,1
10548_1,0,0
906_7,1,1
2708_9,1,1
12478_4,0,0
10222_1,0,0
3560_2,0,0
3371_9,0,1
10009_3,0,0
3142_3,0,0
3876_9,1,1
6662_2,0,0
4691_1,0,0
2491_4,0,0
12485_4,0,0
1716_3,0,0
10767_10,0,1
4083_2,0,0
7656_3,0,0
2532_8,0,1
11243_8,0,1
11878_9,1,1
3627_8,0,1
9049_10,0,1
2950_4,0,0
4553_8,1,1
10414_1,0,0
4281_7,0,1
7905_4,1,0
10800_8,1,1
1562_4,0,0
7604_4,0,0
5752_2,0,0
9465_1,0,0
2701_4,0,0
12432_7,0,1
7583_9,1,1
4003_10,1,1
11082_2,0,0
7650_3,0,0
2215_7,1,1
6597_9,1,1
12268_1,0,0
8650_7,0,1
8311_2,0,0
10764_10,1,1
5462_2,0,0
10303_9,1,1
12132_4,0,0
11786_2,0,0
6248_2,0,0
5570_2,0,0
8367_4,0,0
2416_7,0,1
4073_1,0,0
4642_2,0,0
580_10,1,1
3328_4,0,0
9524_9,1,1
11980_2,0,0
7812_9,1,1
3567_7,0,1
9592_2,0,0
8421_1,0,0
2618_1,0,0
2367_3,0,0
10613_1,0,0
7657_2,0,0
10992_4,0,0
10663_4,0,0
9589_4,0,0
5184_8,0,1
7352_7,1,1
6483_4,1,0
914_10,1,1
1239_4,0,0
4465_4,0,0
82_10,1,1
3696_4,0,0
1507_8,0,1
12211_3,0,0
4003_3,0,0
3738_3,0,0
12089_10,1,1
593_1,0,0
7555_3,0,0
9897_9,1,1
299_1,0,0
2774_3,0,0
4723_8,1,1
1636_2,0,0
3383_8,1,1
5360_10,1,1
11542_10,1,1
1964_1,0,0
10323_10,0,1
5166_1,0,0
12371_1,0,0
7426_1,0,0
11832_4,1,0
684_9,1,1
519_7,0,1
1712_8,0,1
5973_9,0,1
2820_3,0,0
5023_7,1,1
2625_1,0,0
2699_9,1,1
7123_1,0,0
7327_10,1,1
944_8,1,1
9757_10,1,1
12491_9,1,1
12301_10,0,1
421_9,1,1
6655_2,0,0
610_9,1,1
3020_1,0,0
1797_10,1,1
1248_3,0,0
2524_10,1,1
10596_3,0,0
9326_3,0,0
9346_2,0,0
3890_8,1,1
7836_9,1,1
12388_7,1,1
3205_2,0,0
1547_9,1,1
2706_1,0,0
391_10,1,1
1544_10,1,1
7861_8,1,1
1448_2,0,0
6451_3,0,0
12187_3,1,0
11702_4,0,0
5947_1,1,0
1282_3,0,0
7492_2,0,0
7724_7,1,1
1564_1,0,0
4425_9,1,1
9416_9,1,1
10826_10,1,1
4402_10,0,1
9332_3,0,0
5856_1,0,0
2784_2,0,0
3216_1,0,0
8057_9,1,1
526_10,1,1
4376_1,0,0
9513_9,0,1
9972_9,1,1
339_1,0,0
11898_1,0,0
9282_4,0,0
2303_4,0,0
10199_1,0,0
11660_10,0,1
714_4,0,0
9283_9,1,1
2972_2,0,0
9060_7,1,1
3562_8,1,1
11064_8,1,1
4190_10,0,1
12472_10,1,1
2942_1,0,0
9560_9,0,1
2692_4,0,0
12057_1,0,0
11197_2,0,0
5827_4,1,0
4752_1,0,0
8114_3,0,0
5643_7,0,1
9127_2,0,0
10540_10,0,1
7342_2,0,0
4651_4,0,0
8798_1,0,0
5973_3,0,0
8314_2,0,0
7856_1,0,0
1255_4,0,0
9615_8,1,1
7261_4,0,0
9700_9,1,1
5938_10,1,1
970_7,0,1
7715_8,1,1
4643_2,0,0
7069_1,0,0
8600_10,1,1
10275_3,0,0
9519_1,0,0
8861_10,1,1
8558_4,0,0
7495_4,0,0
4727_10,0,1
9647_8,1,1
7192_3,0,0
8772_8,1,1
1198_4,0,0
4249_7,1,1
6816_2,0,0
10243_9,1,1
8365_1,0,0
2529_10,1,1
2538_10,1,1
5946_1,0,0
6716_8,1,1
2633_7,1,1
10513_1,0,0
4847_1,0,0
2552_10,1,1
7166_9,0,1
398_8,1,1
6925_4,0,0
9873_9,1,1
3598_4,0,0
5996_3,0,0
4024_10,1,1
3184_10,1,1
3801_2,0,0
1722_10,1,1
9344_1,0,0
2874_2,0,0
2914_4,0,0
9643_3,0,0
1756_10,1,1
2781_1,0,0
3559_1,0,0
6250_1,0,0
10960_9,1,1
565_8,0,1
8749_9,1,1
11273_4,0,0
6933_4,0,0
7295_1,0,0
12267_1,0,0
9844_4,1,0
1949_3,0,0
10048_1,0,0
7242_2,0,0
1722_2,0,0
9869_1,0,0
609_1,0,0
9383_7,0,1
6593_4,0,0
3284_10,0,1
6190_1,1,0
8305_10,1,1
20_1,0,0
10037_1,0,0
1751_10,1,1
6821_7,1,1
4780_10,1,1
1290_10,1,1
10777_2,0,0
3450_1,0,0
747_3,0,0
9262_10,1,1
7206_10,1,1
3700_4,0,0
2953_4,1,0
6828_8,1,1
10831_7,1,1
5014_1,0,0
11679_10,1,1
3476_9,0,1
12052_8,0,1
8635_3,0,0
6475_10,1,1
8531_2,0,0
9018_7,0,1
1492_9,1,1
10993_10,0,1
1896_2,0,0
8241_1,0,0
3568_8,0,1
9424_9,0,1
3791_1,0,0
2117_10,1,1
4679_8,1,1
1217_7,1,1
7969_3,0,0
2271_10,1,1
5772_9,1,1
1347_8,1,1
11800_1,0,0
8820_10,1,1
10014_7,0,1
9864_8,0,1
6926_4,0,0
1842_10,1,1
756_7,0,1
7657_10,1,1
12416_7,1,1
833_7,0,1
8746_10,1,1
6374_10,0,1
24_10,1,1
5133_10,0,1
2937_1,0,0
9845_8,1,1
6236_7,0,1
8525_7,0,1
10398_10,1,1
6555_7,1,1
5873_3,0,0
12235_8,0,1
8972_2,0,0
6313_1,0,0
3277_1,0,0
9661_10,1,1
11759_4,0,0
7960_2,1,0
2710_7,1,1
3152_1,0,0
3186_8,1,1
6180_2,0,0
3303_1,0,0
250_1,0,0
8902_1,0,0
7964_9,1,1
78_1,0,0
9162_9,1,1
11868_8,0,1
8522_8,0,1
8517_8,1,1
12341_4,1,0
3300_1,0,0
2961_10,0,1
11309_10,0,1
381_10,1,1
6537_10,1,1
4623_10,0,1
12425_10,0,1
817_7,1,1
1853_3,0,0
3586_10,1,1
6148_9,0,1
5020_10,0,1
6486_10,1,1
560_8,1,1
11210_3,0,0
4714_1,0,0
7175_7,0,1
10289_9,0,1
2497_2,0,0
6359_3,0,0
4905_3,0,0
4701_10,1,1
292_10,1,1
4010_9,0,1
1591_2,1,0
619_10,0,1
8563_1,0,0
488_4,0,0
3148_10,1,1
2046_4,0,0
11560_8,1,1
8694_7,1,1
11041_10,1,1
6159_8,1,1
10205_1,0,0
7840_9,1,1
3298_10,1,1
2854_7,1,1
3521_8,0,1
8317_2,0,0
10564_7,1,1
7951_3,0,0
9834_8,1,1
4809_9,1,1
4675_1,0,0
9493_10,0,1
7841_4,0,0
8076_10,0,1
3242_8,1,1
11666_3,0,0
9341_2,0,0
10384_1,0,0
1558_9,1,1
9790_10,0,1
12149_2,0,0
11533_4,0,0
4438_3,0,0
11177_4,0,0
8657_7,0,1
4485_4,0,0
1313_3,0,0
7383_10,1,1
11875_8,1,1
9838_7,1,1
33_3,0,0
5747_1,0,0
1420_8,1,1
7292_9,1,1
5218_7,0,1
3359_9,1,1
10947_8,1,1
219_1,0,0
6374_3,0,0
9686_10,0,1
6757_10,1,1
1003_8,0,1
9313_9,0,1
6175_10,1,1
5391_7,1,1
1085_1,0,0
9054_1,0,0
8543_10,1,1
686_8,0,1
6959_3,0,0
11014_4,0,0
9204_8,1,1
9029_7,0,1
10441_9,1,1
5245_10,0,1
1480_7,0,1
6426_3,0,0
1700_1,0,0
2783_10,0,1
6152_8,1,1
12282_10,1,1
2948_4,0,0
11974_2,0,0
5944_7,0,1
9370_8,0,1
711_10,0,1
6169_8,1,1
12329_1,0,0
4904_1,0,0
2070_3,0,0
25_3,0,0
1819_4,0,0
8642_10,0,1
11504_10,1,1
10193_7,1,1
8917_4,0,0
9380_2,0,0
10048_8,1,1
7288_9,0,1
8128_4,0,0
7800_3,0,0
5852_1,0,0
8027_1,0,0
10317_1,0,0
10280_8,1,1
3959_10,1,1
6115_10,1,1
6078_8,0,1
12273_9,1,1
1497_10,1,1
2969_9,1,1
2577_1,0,0
4519_1,0,0
8596_4,1,0
254_3,0,0
7005_8,0,1
5426_10,0,1
965_9,0,1
2044_4,0,0
9006_3,0,0
11462_10,0,1
4990_7,0,1
163_7,0,1
3134_3,0,0
2922_4,0,0
5777_1,0,0
6340_7,1,1
7896_1,0,0
2321_8,1,1
2187_1,0,0
1831_9,1,1
9321_10,1,1
9970_10,1,1
2978_4,0,0
7491_3,0,0
2491_10,0,1
749_1,0,0
4751_2,0,0
3276_1,0,0
10889_9,1,1
5887_1,0,0
8806_9,1,1
8569_2,0,0
3209_10,1,1
7139_10,1,1
5052_3,0,0
5773_3,0,0
1663_9,1,1
3575_7,0,1
12017_1,0,0
12460_8,1,1
7925_2,0,0
1643_10,1,1
4537_1,0,0
10651_3,0,0
12075_10,1,1
4823_1,0,0
5392_7,1,1
5436_9,1,1
3088_8,1,1
6607_9,0,1
7648_1,0,0
1073_8,1,1
4587_8,0,1
9463_10,0,1
11962_1,0,0
8718_4,0,0
7781_10,1,1
11495_2,0,0
2772_4,1,0
4029_1,0,0
2080_10,1,1
6250_9,1,1
2985_9,0,1
2935_7,0,1
7900_1,0,0
2433_8,1,1
12366_1,0,0
10910_2,0,0
5265_3,0,0
9603_10,0,1
11989_3,0,0
2929_4,0,0
1796_1,0,0
10659_2,0,0
4978_9,1,1
11823_8,1,1
1732_8,1,1
1103_4,0,0
8958_1,0,0
8607_4,1,0
5820_9,1,1
8885_3,0,0
3718_10,1,1
3822_1,0,0
9886_10,1,1
9806_10,1,1
10009_10,1,1
5979_2,0,0
11937_3,0,0
4776_8,1,1
9009_7,1,1
8094_7,1,1
828_3,0,0
3318_1,0,0
3558_4,0,0
7967_8,1,1
5275_7,0,1
5130_1,0,0
1327_9,0,1
11526_8,0,1
32_10,1,1
10697_1,0,0
9966_1,0,0
3132_1,0,0
967_2,0,0
6483_10,1,1
698_10,1,1
7848_2,0,0
9349_1,0,0
10532_9,1,1
11819_2,0,0
6812_1,0,0
5401_1,0,0
3528_1,0,0
12239_1,0,0
1479_4,0,0
2732_4,0,0
6806_10,0,1
2119_9,1,1
8565_9,0,1
1914_8,0,1
4835_1,0,0
1029_2,0,0
9228_4,0,0
2391_2,0,0
9674_9,1,1
9404_9,0,1
5987_1,0,0
9237_8,1,1
9879_2,0,0
1370_10,0,1
10662_1,0,0
6937_7,0,1
6355_9,1,1
3784_4,0,0
9136_10,1,1
9557_4,0,0
12013_7,1,1
1114_4,0,0
6890_10,0,1
3238_8,1,1
1790_10,1,1
4277_8,1,1
2257_4,1,0
7677_10,1,1
1618_4,0,0
7314_1,0,0
10332_1,0,0
7746_2,1,0
9303_3,0,0
12321_9,1,1
10341_2,0,0
7745_9,1,1
11104_7,1,1
10855_1,0,0
10300_1,0,0
2037_2,0,0
7754_9,1,1
9503_10,1,1
396_7,1,1
583_2,0,0
4469_3,0,0
11038_1,0,0
2285_4,0,0
5069_8,0,1
8736_8,0,1
9486_3,0,0
11669_10,0,1
8598_1,0,0
1344_3,0,0
11789_3,0,0
9605_2,0,0
10122_2,0,0
3752_10,0,1
3864_4,0,0
10505_7,0,1
3822_8,1,1
8146_4,0,0
11114_8,0,1
7847_2,0,0
10300_10,1,1
7021_10,0,1
8_9,0,1
7199_2,0,0
9392_9,0,1
8234_7,0,1
12328_7,1,1
9918_9,0,1
10066_7,0,1
5482_2,0,0
6914_4,1,0
4665_7,0,1
613_4,0,0
577_8,0,1
12490_4,0,0
8637_3,0,0
11815_4,0,0
9490_10,1,1
4388_3,0,0
11778_10,1,1
4988_10,1,1
6590_3,0,0
4761_7,1,1
8828_4,0,0
10382_3,0,0
3321_1,0,0
2550_10,0,1
12104_1,0,0
6431_1,0,0
8829_8,0,1
858_7,1,1
197_1,0,0
3599_7,1,1
10808_2,0,0
12050_4,1,0
6348_1,0,0
11051_8,0,1
11216_4,1,0
8360_3,0,0
9570_2,0,0
8040_4,0,0
3664_8,0,1
10003_8,1,1
3763_7,0,1
9692_9,0,1
4503_1,0,0
10985_2,0,0
121_4,0,0
5651_10,1,1
9416_3,0,0
9128_8,0,1
8955_8,1,1
8787_4,1,0
1622_9,0,1
762_3,0,0
6915_2,0,0
8998_4,0,0
8200_10,1,1
1878_8,0,1
5969_10,0,1
8000_3,0,0
8161_10,1,1
9805_4,0,0
3815_10,0,1
3783_3,0,0
4924_10,1,1
7952_1,0,0
4060_8,0,1
775_1,0,0
696_10,1,1
8751_10,0,1
6073_10,0,1
9982_1,0,0
3706_10,0,1
5996_8,0,1
3107_10,1,1
8913_8,1,1
8982_9,1,1
8938_3,0,0
3008_3,0,0
3787_2,0,0
6146_9,1,1
5664_1,0,0
2408_3,0,0
6153_2,0,0
7023_7,1,1
2571_3,0,0
6808_4,0,0
6425_9,1,1
11139_4,1,0
320_7,1,1
3098_1,0,0
5369_10,0,1
480_3,0,0
7884_9,0,1
5247_1,0,0
3192_2,0,0
12127_1,0,0
1237_7,1,1
612_3,1,0
6016_7,0,1
10490_1,0,0
5180_8,1,1
3122_4,0,0
2845_8,1,1
9000_8,0,1
448_2,0,0
1207_10,1,1
11989_8,1,1
11102_9,1,1
1761_1,0,0
9815_3,0,0
12023_1,0,0
9901_10,1,1
11740_2,0,0
4702_10,1,1
4885_3,0,0
0_2,0,0
2273_2,0,0
11340_8,0,1
12012_4,1,0
10534_10,0,1
8424_2,0,0
8716_3,0,0
7154_10,1,1
5001_1,0,0
6511_3,0,0
3308_7,1,1
2720_2,0,0
1183_10,0,1
12387_2,0,0
6580_2,0,0
4431_9,1,1
11828_7,0,1
6737_10,1,1
7505_4,0,0
4798_2,0,0
4773_1,0,0
6719_3,0,0
6475_3,0,0
11733_3,0,0
9360_7,1,1
5571_1,0,0
10316_10,0,1
5068_3,0,0
11188_8,0,1
7291_3,0,0
6233_3,0,0
11710_1,0,0
3780_7,1,1
3210_10,1,1
2885_3,0,0
2912_4,0,0
3320_4,0,0
11275_4,0,0
8406_1,0,0
8275_10,0,1
4862_9,1,1
11817_2,0,0
302_10,1,1
11341_1,0,0
4626_1,0,0
1030_2,0,0
4799_8,1,1
4845_1,0,0
3458_1,0,0
9535_9,0,1
6553_10,0,1
486_4,0,0
11162_7,0,1
7689_7,1,1
12058_1,0,0
3740_1,0,0
11656_8,1,1
9795_1,0,0
1947_1,0,0
1468_1,0,0
4158_10,1,1
5876_1,0,0
12084_4,0,0
5434_7,0,1
7984_9,1,1
2217_8,1,1
2300_4,0,0
8707_7,0,1
3345_10,1,1
7375_8,1,1
1150_2,0,0
8557_10,1,1
5590_8,1,1
5270_1,0,0
10339_4,0,0
6789_3,0,0
4289_1,0,0
693_4,0,0
326_1,0,0
9786_8,1,1
6610_10,1,1
11350_9,1,1
10907_1,0,0
3285_8,0,1
10964_4,0,0
5411_1,0,0
6188_10,0,1
7110_3,0,0
7355_8,0,1
12116_1,0,0
1187_1,0,0
12167_7,1,1
5530_9,1,1
2829_10,0,1
9549_4,0,0
8805_10,1,1
10265_3,0,0
5227_3,0,0
8693_10,1,1
6331_10,1,1
9079_4,0,0
7200_1,0,0
9322_10,1,1
2899_4,0,0
6478_10,1,1
4659_1,0,0
6755_1,0,0
10385_10,1,1
11861_1,0,0
5483_10,1,1
4012_10,0,1
7146_9,1,1
3782_9,1,1
12181_4,0,0
10663_10,1,1
4712_1,0,0
11071_10,0,1
11171_3,0,0
9043_10,1,1
9912_10,0,1
7306_9,1,1
12382_9,0,1
11654_9,1,1
8848_1,0,0
4076_3,0,0
8248_3,0,0
10011_1,0,0
11769_1,0,0
4164_9,1,1
1831_1,0,0
4164_1,0,0
318_3,0,0
7221_10,0,1
10912_8,1,1
1321_4,0,0
7712_7,1,1
2680_4,0,0
8374_1,0,0
995_7,1,1
2009_1,0,0
3905_9,0,1
3348_3,0,0
6466_1,0,0
11900_10,1,1
1634_7,0,1
8245_4,0,0
8561_1,0,0
2072_2,0,0
12060_10,0,1
8178_3,0,0
8778_1,0,0
10489_8,1,1
10118_8,0,1
3470_8,1,1
8014_4,1,0
582_10,1,1
8984_8,1,1
9085_8,0,1
8894_2,0,0
3762_2,0,0
3815_2,0,0
5903_9,1,1
8907_10,1,1
6140_7,0,1
9279_4,1,0
2948_9,1,1
10588_10,1,1
8239_1,0,0
6986_2,0,0
5308_3,0,0
11984_8,0,1
9984_4,0,0
11803_8,1,1
2925_10,0,1
11396_10,1,1
8998_7,0,1
4511_7,1,1
5780_2,0,0
9838_4,0,0
422_10,0,1
11389_10,1,1
8511_3,0,0
2089_10,0,1
5818_3,0,0
566_9,0,1
452_10,1,1
4451_9,1,1
6105_1,0,0
2158_10,0,1
10395_2,0,0
11291_3,0,0
2408_8,1,1
3698_9,0,1
6060_2,0,0
9509_10,1,1
7136_10,1,1
5557_10,1,1
7155_2,0,0
11421_10,0,1
3620_4,0,0
2176_4,0,0
8970_1,0,0
11186_10,0,1
9604_3,0,0
6047_10,1,1
4487_9,0,1
11880_3,0,0
2650_2,0,0
5279_1,0,0
9289_1,0,0
11673_10,1,1
6890_2,0,0
2668_10,1,1
942_1,0,0
264_1,0,0
10157_1,0,0
791_10,1,1
11434_9,1,1
5630_2,1,0
9392_1,0,0
12471_3,1,0
8593_9,0,1
10333_10,1,1
9146_8,0,1
5404_7,1,1
7662_9,1,1
11068_1,0,0
4460_2,0,0
5002_10,0,1
9269_9,1,1
1639_10,0,1
9045_1,0,0
9944_8,0,1
4091_4,0,0
6889_4,0,0
71_9,1,1
10173_8,1,1
2513_8,0,1
7507_1,0,0
1235_2,0,0
3325_1,0,0
4146_7,0,1
7286_8,0,1
4096_1,0,0
3897_7,1,1
11240_10,1,1
4109_1,0,0
9566_4,0,0
2038_8,0,1
6985_7,0,1
6967_9,0,1
11020_10,1,1
3291_1,0,0
9763_3,0,0
1943_7,0,1
7599_7,1,1
8158_8,1,1
4140_3,0,0
11840_2,0,0
9675_1,0,0
10878_1,0,0
10760_1,0,0
260_1,0,0
8188_10,1,1
3260_1,0,0
6172_9,1,1
10021_3,0,0
7784_10,1,1
4066_1,0,0
12325_10,0,1
9894_8,1,1
1242_1,0,0
2059_1,0,0
10686_7,1,1
8110_2,0,0
8398_7,1,1
6096_9,0,1
9422_3,0,0
2919_4,1,0
10248_1,0,0
7480_1,0,0
3248_8,1,1
10264_2,0,0
7401_10,0,1
10528_1,0,0
7623_8,0,1
3968_2,0,0
10918_4,0,0
5146_7,0,1
12466_4,0,0
10395_10,0,1
3862_8,1,1
2247_1,0,0
2979_9,1,1
3271_9,1,1
5225_1,0,0
5662_1,0,0
12087_3,0,0
10765_10,1,1
1256_4,0,0
2057_1,0,0
2610_7,0,1
2065_2,0,0
4410_3,0,0
6847_10,1,1
1927_1,0,0
4201_9,1,1
2578_8,1,1
74_10,1,1
8324_10,1,1
4762_8,0,1
10612_3,0,0
11353_10,0,1
10709_8,0,1
3978_7,0,1
954_4,0,0
2493_10,1,1
8293_7,1,1
9454_1,0,0
8982_1,0,0
5201_3,0,0
9758_1,0,0
5999_8,0,1
11000_1,0,0
647_1,0,0
7345_9,1,1
5105_3,0,0
9488_4,0,0
11810_10,1,1
5343_8,1,1
1671_7,1,1
6414_2,0,0
3749_8,1,1
2310_2,0,0
8460_2,0,0
12305_1,0,0
11672_1,0,0
11726_10,1,1
11659_2,0,0
8684_2,0,0
6546_10,1,1
1980_8,0,1
3113_10,1,1
8440_1,0,0
7473_7,1,1
726_7,0,1
11165_10,1,1
9830_2,0,0
6409_10,0,1
11455_3,0,0
993_3,0,0
3186_1,0,0
11631_4,0,0
3225_1,0,0
4442_1,0,0
6775_9,1,1
230_7,0,1
5971_4,0,0
763_10,1,1
9943_10,1,1
10098_9,0,1
7219_10,0,1
6348_8,0,1
5774_10,0,1
1842_4,0,0
3544_8,1,1
5661_10,0,1
8698_1,0,0
7576_1,0,0
584_3,1,0
9963_8,1,1
11653_8,0,1
4269_1,0,0
728_1,0,0
7118_2,0,0
6305_4,1,0
5970_4,0,0
4729_1,0,0
7638_10,0,1
2709_10,0,1
1461_7,1,1
5302_10,1,1
3589_10,1,1
3897_4,1,0
9883_1,0,0
9903_4,0,0
9789_1,0,0
2971_4,0,0
5015_7,1,1
9215_1,0,0
8553_2,0,0
5671_3,0,0
748_7,1,1
8222_10,1,1
9336_3,1,0
1585_1,0,0
10634_8,1,1
4549_8,1,1
7014_10,1,1
2412_10,0,1
5779_10,1,1
11949_4,0,0
6879_8,0,1
4432_2,0,0
5825_10,1,1
10422_9,0,1
4575_10,1,1
11520_1,0,0
6612_1,0,0
4206_7,0,1
1611_10,0,1
8170_10,1,1
96_1,0,0
715_10,0,1
10032_8,1,1
2585_1,0,0
7477_3,0,0
2778_10,1,1
6807_1,1,0
6378_1,0,0
1752_10,1,1
2305_8,1,1
7423_3,0,0
496_9,1,1
10829_1,0,0
7012_9,0,1
7701_7,1,1
6858_8,1,1
2723_4,0,0
5720_1,0,0
1531_9,0,1
3052_8,1,1
2728_7,0,1
2275_4,0,0
11211_1,1,0
4603_3,0,0
2273_9,1,1
11662_2,0,0
4887_3,0,0
8155_9,1,1
2373_4,1,0
1754_1,0,0
12247_9,1,1
10327_1,0,0
8968_3,0,0
370_8,0,1
559_10,1,1
8273_3,0,0
8125_2,0,0
8666_9,0,1
4827_7,0,1
9737_10,1,1
5604_8,1,1
8331_10,1,1
886_2,0,0
4413_7,0,1
4116_7,1,1
3675_1,0,0
496_3,0,0
8837_4,0,0
3099_2,0,0
5518_4,1,0
6953_9,1,1
1240_9,0,1
8614_1,0,0
1628_8,0,1
1673_3,0,0
10806_8,1,1
780_9,1,1
6957_8,1,1
10903_8,0,1
9908_7,0,1
4696_9,1,1
3816_7,0,1
489_9,1,1
2254_1,0,0
122_8,0,1
3171_8,0,1
54_3,0,0
8826_4,0,0
7686_1,0,0
10875_3,0,0
4858_10,0,1
1268_8,0,1
3497_10,1,1
6527_1,0,0
1345_9,0,1
10092_4,0,0
11571_9,0,1
2899_10,0,1
5381_10,0,1
8722_1,0,0
10521_10,1,1
296_9,0,1
6184_1,0,0
6657_10,1,1
5972_9,0,1
8599_7,1,1
6125_1,0,0
5834_2,0,0
12479_9,0,1
3253_2,0,0
4986_9,1,1
6439_7,1,1
9659_8,1,1
3375_3,0,0
3155_10,1,1
3478_9,0,1
6251_1,0,0
6281_1,0,0
4669_8,0,1
2843_2,0,0
8137_8,0,1
9390_10,1,1
11401_3,0,0
1455_4,0,0
8418_9,1,1
7064_4,1,0
7467_4,0,0
12492_10,1,1
1969_4,0,0
5388_8,0,1
3287_2,0,0
3493_1,0,0
11682_8,1,1
7860_3,0,0
5507_4,0,0
11741_10,1,1
8041_8,1,1
3525_7,1,1
12256_9,1,1
1559_10,1,1
5477_9,1,1
736_2,0,0
29_10,1,1
12257_7,1,1
11184_3,0,0
5323_4,0,0
11315_3,0,0
1400_4,0,0
7978_3,0,0
6543_10,0,1
2120_10,1,1
3033_10,1,1
4096_7,1,1
10945_1,0,0
10726_7,1,1
10568_10,1,1
8966_8,1,1
12274_4,0,0
10560_4,0,0
12352_8,1,1
5860_1,0,0
11828_1,0,0
10752_7,1,1
6501_4,0,0
561_1,0,0
6796_1,0,0
2626_4,0,0
9089_3,0,0
10921_10,1,1
6969_10,1,1
1039_1,0,0
9561_2,0,0
2651_10,1,1
8929_7,1,1
6434_2,0,0
3954_1,0,0
12408_10,1,1
9230_8,0,1
6626_1,0,0
1913_2,0,0
9277_10,1,1
8177_8,0,1
7174_2,0,0
10000_7,1,1
849_1,0,0
9768_1,0,0
2852_7,0,1
7872_10,0,1
7331_7,1,1
9716_8,1,1
5672_1,0,0
11305_7,1,1
4750_2,0,0
3606_7,1,1
10329_1,0,0
4407_8,1,1
4298_8,0,1
1526_3,0,0
1177_8,1,1
8366_3,0,0
1848_9,1,1
9689_1,0,0
4883_7,0,1
10485_10,1,1
10851_9,1,1
1550_7,1,1
5088_7,1,1
7420_7,1,1
8306_4,0,0
7474_9,1,1
5297_10,1,1
9105_1,0,0
4806_8,1,1
11659_10,1,1
5491_4,1,0
4175_1,0,0
8726_1,0,0
9049_4,0,0
3266_10,0,1
1396_1,0,0
8364_4,1,0
3945_2,0,0
196_4,0,0
279_1,0,0
12203_2,0,0
8613_8,1,1
3839_10,1,1
2780_7,0,1
10493_10,1,1
6866_9,1,1
4044_10,1,1
2435_1,0,0
1976_4,0,0
8649_3,0,0
7299_1,0,0
6018_2,0,0
9729_8,1,1
3154_10,1,1
950_1,0,0
1409_4,0,0
5175_10,1,1
9722_4,0,0
4077_2,0,0
7067_1,0,0
10984_10,1,1
7117_1,0,0
2121_10,1,1
1386_10,1,1
12236_10,1,1
11844_1,0,0
8085_9,0,1
333_3,0,0
6522_3,0,0
249_7,0,1
1199_1,0,0
499_8,0,1
10033_1,0,0
7699_9,1,1
4829_7,0,1
665_1,0,0
6743_8,1,1
10153_10,0,1
4757_2,0,0
6942_10,1,1
3895_7,0,1
11128_1,0,0
4404_3,0,0
10811_1,0,0
1165_7,1,1
10907_8,1,1
1859_10,1,1
5836_10,0,1
10158_2,0,0
899_3,0,0
8631_1,0,0
7153_8,1,1
847_2,0,0
4418_10,1,1
12320_10,1,1
11242_8,0,1
7046_7,1,1
1819_10,1,1
1651_10,1,1
8280_10,1,1
2062_9,1,1
4781_8,1,1
10314_1,0,0
1934_1,0,0
12230_7,0,1
6689_9,1,1
987_4,0,0
9881_2,0,0
4571_7,1,1
569_4,0,0
11392_3,0,0
10716_2,0,0
7643_3,0,0
7429_8,1,1
11315_7,0,1
3097_9,0,1
10398_1,0,0
6299_8,0,1
5951_2,0,0
8930_8,1,1
1852_4,0,0
2857_7,1,1
4544_9,0,1
9492_10,0,1
1947_8,0,1
9178_2,0,0
6290_3,0,0
6313_8,1,1
6975_8,1,1
12258_10,1,1
3970_10,1,1
8096_7,1,1
10872_3,0,0
3660_1,0,0
7958_10,1,1
652_1,0,0
10331_1,0,0
2368_4,0,0
12367_1,0,0
12125_3,0,0
5785_8,1,1
5213_10,1,1
6334_8,0,1
8005_4,0,0
8405_7,1,1
4629_2,0,0
9342_8,0,1
11634_3,0,0
2878_2,0,0
6195_1,0,0
6994_8,0,1
12170_3,0,0
7384_1,0,0
1047_8,1,1
669_2,0,0
2976_1,0,0
4718_1,0,0
1203_1,0,0
9113_10,1,1
2928_1,0,0
10734_8,1,1
6469_7,0,1
2896_3,0,0
12061_8,1,1
240_9,1,1
8580_1,1,0
1961_1,1,0
6145_1,0,0
11028_4,1,0
7664_1,0,0
3022_1,0,0
7893_8,1,1
1149_8,1,1
8301_8,1,1
8210_10,0,1
9949_8,0,1
2961_4,0,0
9796_10,1,1
4397_7,1,1
2936_3,0,0
11382_10,0,1
11671_1,0,0
10864_1,0,0
11253_4,0,0
4692_3,1,0
11905_2,0,0
12066_1,0,0
789_8,0,1
7700_8,0,1
7697_7,0,1
8628_4,0,0
5719_2,0,0
4761_2,0,0
8777_1,0,0
3525_1,0,0
11990_4,0,0
432_10,0,1
4115_3,0,0
10888_10,1,1
6995_2,1,0
11910_10,0,1
8895_1,0,0
12149_10,1,1
11782_8,0,1
12139_7,0,1
380_2,0,0
5242_10,0,1
3542_9,0,1
6821_1,0,0
6931_1,0,0
5958_9,0,1
5332_2,0,0
2630_2,0,0
6387_7,1,1
7899_8,0,1
11017_3,0,0
11800_10,0,1
10926_10,1,1
9866_10,0,1
3203_2,0,0
11276_4,0,0
8342_2,0,0
6167_10,0,1
36_3,0,0
3340_1,0,0
3997_9,1,1
2627_10,1,1
4204_1,0,0
1018_4,0,0
10951_1,0,0
5315_4,0,0
6301_7,0,1
12038_10,1,1
3164_10,0,1
10989_8,0,1
2449_9,1,1
4375_1,0,0
7037_3,0,0
33_7,0,1
7457_10,1,1
2082_3,0,0
1316_10,1,1
9097_3,0,0
5804_10,1,1
9411_1,0,0
118_10,1,1
560_3,0,0
8914_9,0,1
2745_4,0,0
2607_1,0,0
4405_4,0,0
10451_1,0,0
1887_7,0,1
725_2,1,0
5118_4,0,0
9536_1,0,0
127_3,0,0
2833_8,1,1
131_7,1,1
7789_10,1,1
6294_7,0,1
3872_4,0,0
5454_7,1,1
11162_1,0,0
1685_1,0,0
8352_2,0,0
5003_1,0,0
262_9,0,1
8233_8,1,1
1814_10,0,1
1967_10,0,1
7545_10,0,1
12386_2,0,0
9531_9,1,1
3013_1,0,0
6835_10,0,1
1279_3,0,0
2411_1,0,0
9537_1,0,0
3446_10,1,1
656_4,0,0
7085_1,0,0
8355_1,0,0
1869_3,0,0
2317_2,0,0
11228_4,0,0
3987_8,1,1
509_3,0,0
5168_8,1,1
9267_10,1,1
912_10,1,1
10275_9,1,1
2855_10,1,1
6079_4,0,0
2728_1,0,0
9895_4,0,0
8230_7,1,1
5152_4,1,0
4137_8,1,1
919_10,0,1
1481_1,0,0
2468_1,0,0
383_1,0,0
11552_4,0,0
856_7,0,1
9047_1,0,0
2300_9,0,1
1346_7,0,1
6316_4,0,0
7983_10,1,1
9685_10,0,1
2745_10,0,1
8149_1,0,0
9478_1,0,0
3126_3,0,0
11629_10,0,1
5858_8,0,1
200_8,0,1
7721_4,0,0
12334_8,0,1
9582_4,0,0
5696_9,1,1
3823_3,1,0
11571_4,1,0
1349_9,1,1
4306_7,1,1
6924_1,0,0
10639_10,0,1
5674_1,0,0
11321_1,0,0
771_4,0,0
3519_1,0,0
2378_2,0,0
5677_10,0,1
2807_4,0,0
10165_9,1,1
6940_1,0,0
11015_3,0,0
1055_3,0,0
11055_9,1,1
8173_1,0,0
10743_1,0,0
11927_3,0,0
8785_4,1,0
10995_1,0,0
11899_1,0,0
10078_10,1,1
11831_8,1,1
8182_1,0,0
9664_2,0,0
12229_9,1,1
6076_2,0,0
8529_2,0,0
4686_1,0,0
8174_9,0,1
7395_4,0,0
1803_10,1,1
2508_1,0,0
452_2,0,0
8830_4,1,0
3240_4,0,0
578_2,0,0
3093_2,0,0
9543_1,0,0
9065_4,0,0
534_4,0,0
9762_2,0,0
3037_1,0,0
4632_7,1,1
5064_8,0,1
9962_10,1,1
9340_10,1,1
5881_1,0,0
4642_10,1,1
5293_4,0,0
6721_1,0,0
9869_7,1,1
7070_10,1,1
12486_9,1,1
4943_9,1,1
7939_10,0,1
5786_3,0,0
10357_7,0,1
7147_10,1,1
8627_10,1,1
3370_1,0,0
4117_10,1,1
8178_7,1,1
968_8,1,1
5931_8,0,1
6459_2,0,0
2480_3,0,0
5511_10,0,1
7554_2,0,0
9276_8,1,1
140_2,0,0
2776_10,0,1
3690_1,0,0
6369_2,0,0
7438_10,1,1
872_9,0,1
2389_2,0,0
2882_3,0,0
10404_9,0,1
5790_4,0,0
2382_7,1,1
7798_1,0,0
272_1,0,0
298_1,0,0
11414_7,0,1
9255_4,0,0
5914_4,0,0
2974_7,1,1
6739_7,1,1
1229_7,1,1
2268_10,0,1
2352_7,1,1
9329_10,0,1
11380_10,1,1
215_4,0,0
9915_2,0,0
541_1,0,0
10975_2,0,0
6946_9,1,1
3286_7,1,1
7482_10,0,1
48_4,0,0
10046_4,0,0
6295_1,0,0
6417_4,0,0
2401_4,0,0
8608_1,0,0
3500_8,0,1
11903_3,0,0
4012_2,0,0
11415_4,1,0
5835_4,0,0
9039_4,1,0
6526_1,0,0
6379_8,0,1
6136_10,1,1
6094_4,0,0
11608_9,0,1
3745_3,0,0
10694_1,0,0
3222_10,0,1
3394_4,0,0
7790_10,1,1
2982_10,0,1
12253_3,1,0
5900_1,1,0
3398_4,1,0
10038_7,0,1
1520_8,1,1
11756_2,0,0
6228_1,0,0
6226_7,0,1
4377_10,0,1
9730_1,0,0
11088_4,0,0
7867_10,1,1
5072_1,0,0
7935_3,0,0
4536_3,0,0
6989_2,0,0
8101_8,0,1
3364_7,0,1
7862_1,0,0
8562_2,0,0
9783_9,0,1
7272_1,0,0
1025_3,0,0
9432_7,1,1
4153_8,1,1
8528_1,0,0
8427_4,1,0
5417_1,0,0
6575_1,0,0
10041_8,1,1
7589_4,0,0
10391_9,1,1
1400_7,0,1
9428_2,0,0
7106_3,0,0
5695_10,1,1
6430_10,1,1
11722_4,0,0
11328_1,0,0
9020_3,0,0
183_10,1,1
6674_10,1,1
5495_10,0,1
2237_7,0,1
11943_7,1,1
5872_10,1,1
5043_9,1,1
3869_1,0,0
5113_4,0,0
4671_3,0,0
9220_4,0,0
7330_1,0,0
5344_3,0,0
11965_1,0,0
7620_9,1,1
7044_10,0,1
6296_10,1,1
8204_1,0,0
7661_9,1,1
11708_2,0,0
2415_7,1,1
7840_4,0,0
2628_10,1,1
4633_3,0,0
7320_2,0,0
11755_1,0,0
2589_2,0,0
5044_10,1,1
5189_1,0,0
7926_7,1,1
2454_10,1,1
3368_1,0,0
12223_7,0,1
7348_1,0,0
12007_8,1,1
5501_7,0,1
4025_8,1,1
6447_10,0,1
5438_3,0,0
7910_10,1,1
377_1,0,0
409_8,1,1
2150_9,1,1
11986_2,0,0
2544_2,0,0
5141_10,1,1
8305_3,1,0
8329_10,1,1
2333_8,0,1
5171_4,0,0
5412_10,1,1
1081_10,1,1
10773_7,1,1
1969_10,1,1
8276_10,0,1
1244_1,0,0
7113_2,0,0
9535_2,0,0
4627_7,1,1
10757_4,0,0
10091_10,0,1
5211_10,0,1
7510_7,0,1
11674_10,0,1
5299_8,0,1
3515_8,0,1
10143_3,0,0
2274_10,0,1
2372_3,0,0
3116_8,1,1
7340_3,0,0
1394_9,1,1
2047_9,0,1
8587_2,1,0
11579_10,0,1
942_10,1,1
9355_4,0,0
8812_10,1,1
4732_2,0,0
3180_10,1,1
310_9,1,1
3980_8,1,1
6923_2,0,0
2424_9,0,1
1092_4,0,0
9238_7,0,1
2382_2,0,0
3579_1,0,0
6801_8,1,1
3768_8,1,1
11717_10,0,1
10001_9,1,1
355_10,1,1
8896_1,0,0
9772_1,0,0
7624_10,0,1
1102_3,0,0
10949_9,1,1
1269_10,1,1
11768_4,0,0
5555_4,0,0
2233_9,0,1
6567_8,0,1
12130_8,1,1
8587_7,1,1
10973_1,0,0
3863_10,1,1
9220_8,0,1
7579_10,1,1
4411_10,1,1
2093_8,1,1
10883_10,1,1
3583_3,0,0
1396_8,1,1
1930_3,0,0
8779_1,1,0
12478_9,0,1
176_9,1,1
11733_10,0,1
11368_1,0,0
4077_8,0,1
11056_7,1,1
5567_3,0,0
8549_3,0,0
9743_1,0,0
6916_9,1,1
6147_1,1,0
7820_7,1,1
1352_7,1,1
5337_10,1,1
12285_3,0,0
8992_2,0,0
4644_2,0,0
9793_10,1,1
2359_10,0,1
2137_9,1,1
10559_3,0,0
2679_3,0,0
10010_2,0,0
11987_10,0,1
8824_10,1,1
11418_7,0,1
2423_9,0,1
1576_7,0,1
7947_4,0,0
1714_10,0,1
6006_8,1,1
939_8,1,1
3755_4,1,0
3213_3,0,0
164_2,0,0
1123_10,1,1
7397_7,0,1
822_1,0,0
5631_2,0,0
10464_10,0,1
11397_10,1,1
10679_3,0,0
8205_1,0,0
6947_10,1,1
2000_1,0,0
4075_7,1,1
1388_8,0,1
446_1,0,0
1063_2,0,0
6030_3,0,0
5613_2,0,0
8759_3,0,0
12169_1,0,0
5111_4,0,0
2891_4,1,0
827_1,0,0
6229_8,0,1
2212_4,1,0
4788_9,0,1
8859_1,0,0
9798_10,1,1
9763_9,0,1
3889_7,1,1
3275_8,0,1
5106_10,1,1
7576_10,1,1
9405_3,0,0
7108_1,0,0
9794_10,0,1
2653_10,0,1
10545_10,1,1
12306_10,0,1
4696_2,0,0
7982_10,1,1
11066_3,0,0
10034_1,0,0
6035_3,0,0
9518_9,1,1
1266_8,1,1
11336_9,1,1
4159_10,1,1
9375_8,1,1
5204_1,0,0
3360_10,1,1
5659_1,0,0
8839_4,0,0
4529_7,1,1
3283_2,0,0
5376_7,0,1
5379_8,1,1
5266_4,0,0
7463_9,0,1
3595_1,0,0
3141_10,0,1
9986_2,0,0
4279_1,0,0
1427_4,0,0
8357_10,1,1
715_4,1,0
8482_9,1,1
3091_10,1,1
5735_7,0,1
3100_4,0,0
11447_8,0,1
4577_1,0,0
10287_10,1,1
3384_3,0,0
3820_9,1,1
8883_3,0,0
11279_10,0,1
3093_8,0,1
10465_3,0,0
4423_10,1,1
601_3,0,0
1902_10,1,1
1509_8,0,1
3019_9,0,1
11994_9,1,1
4246_2,0,0
842_10,1,1
4917_8,1,1
68_1,0,0
6613_2,0,0
7230_10,0,1
6183_4,0,0
338_10,1,1
6182_8,1,1
2409_1,0,0
9965_8,1,1
1336_10,0,1
4456_2,0,0
12437_8,1,1
8437_10,1,1
409_4,0,0
2303_10,1,1
2144_9,1,1
2302_8,1,1
385_9,1,1
3617_8,1,1
5450_7,1,1
6882_4,0,0
2980_4,1,0
9828_4,0,0
10745_8,1,1
3478_1,0,0
2167_2,0,0
5562_2,0,0
8771_7,0,1
8372_10,1,1
10749_8,0,1
7394_10,0,1
3711_7,1,1
5375_1,0,0
7881_7,1,1
7023_2,0,0
206_10,1,1
4760_9,1,1
12026_1,0,0
12182_10,0,1
1821_8,1,1
10828_1,0,0
2446_10,0,1
5327_10,1,1
5727_3,0,0
11460_4,0,0
6484_10,0,1
3555_4,0,0
10641_8,1,1
650_3,0,0
1467_10,1,1
7651_3,0,0
11459_4,0,0
9255_10,1,1
7888_10,0,1
4118_2,0,0
2540_9,1,1
2152_7,0,1
2614_10,0,1
2892_10,1,1
3878_1,0,0
273_10,1,1
5565_10,0,1
444_10,1,1
11062_10,1,1
5184_1,0,0
12140_3,0,0
3254_8,0,1
11537_7,0,1
7606_10,1,1
6120_2,0,0
7416_10,1,1
10759_3,1,0
12255_9,1,1
1114_10,1,1
6827_8,1,1
10246_2,0,0
204_9,1,1
5816_10,1,1
2693_9,1,1
2578_2,0,0
4958_3,0,0
7873_10,1,1
8795_2,0,0
1431_3,0,0
11635_7,1,1
1327_3,0,0
10813_7,1,1
9764_4,0,0
5861_8,1,1
8995_3,0,0
2243_1,0,0
11708_7,1,1
1998_2,0,0
11887_8,1,1
4836_10,0,1
1603_4,0,0
9860_4,0,0
1728_1,0,0
12108_1,0,0
9756_4,0,0
1325_3,0,0
5174_1,0,0
9917_2,0,0
6101_1,0,0
2010_10,1,1
1132_8,0,1
8516_1,0,0
3563_1,0,0
2362_10,1,1
10971_1,0,0
8672_9,0,1
2863_2,0,0
2750_1,0,0
8599_4,0,0
12115_7,1,1
4921_2,0,0
2975_2,0,0
4245_8,1,1
10778_10,1,1
7816_7,0,1
9131_1,0,0
5541_3,0,0
7956_1,0,0
780_3,0,0
1052_10,0,1
6842_8,1,1
8279_10,1,1
9653_3,0,0
3025_1,0,0
1174_1,0,0
1039_10,1,1
4609_10,1,1
2150_1,0,0
6289_7,0,1
2963_2,0,0
8801_1,0,0
5196_7,1,1
5723_2,0,0
10530_10,1,1
9473_1,0,0
3355_3,0,0
5388_3,0,0
12102_2,0,0
11038_10,0,1
9672_1,0,0
6875_8,1,1
4754_8,0,1
6814_3,0,0
8937_3,0,0
7077_4,0,0
1782_1,0,0
631_4,0,0
7876_1,0,0
74_4,0,0
2846_9,1,1
4190_1,0,0
7843_4,0,0
7528_7,0,1
2396_8,0,1
790_1,0,0
2020_7,0,1
2526_1,0,0
8104_8,1,1
12372_2,0,0
417_1,0,0
1318_2,0,0
4530_1,0,0
2370_4,0,0
1886_10,1,1
9386_1,0,0
7863_1,0,0
3864_10,1,1
6559_2,0,0
7855_7,0,1
1672_1,0,0
8453_2,0,0
8373_3,0,0
9770_10,1,1
12009_1,0,0
2770_3,0,0
4618_7,1,1
9797_10,0,1
6605_1,0,0
10176_1,0,0
8949_10,1,1
5401_7,0,1
3295_7,1,1
4791_1,0,0
4016_1,0,0
4314_10,0,1
2903_1,0,0
3835_9,0,1
7532_1,0,0
729_10,1,1
5753_1,0,0
11976_2,0,0
3027_1,0,0
9721_9,1,1
11295_3,0,0
3241_1,0,0
5389_9,1,1
9889_1,0,0
3522_4,0,0
10865_8,1,1
1015_8,1,1
5048_10,1,1
2671_2,0,0
2841_4,0,0
4928_1,0,0
10499_1,0,0
9409_10,1,1
974_10,0,1
11582_7,1,1
9988_10,1,1
3463_8,1,1
5194_1,0,0
3377_4,0,0
4352_1,0,0
10862_1,0,0
1545_7,1,1
9801_10,1,1
1905_2,0,0
12276_9,1,1
7544_1,0,0
10056_1,0,0
3623_1,0,0
4013_7,1,1
1294_4,0,0
10285_9,1,1
7793_10,0,1
3809_9,1,1
4586_3,0,0
7511_1,0,0
10873_4,0,0
4888_8,1,1
4349_10,0,1
1531_3,0,0
8884_3,0,0
7336_3,0,0
9688_10,1,1
7208_1,0,0
4355_8,1,1
6098_2,0,0
9106_10,0,1
6422_1,0,0
2054_9,0,1
550_8,1,1
402_8,1,1
11832_10,1,1
10256_10,1,1
6131_1,0,0
11907_4,0,0
4459_4,0,0
8555_7,1,1
5079_2,0,0
10304_2,0,0
10489_1,0,0
566_3,1,0
1999_1,0,0
590_1,0,0
11159_1,0,0
10612_9,0,1
10810_2,0,0
11658_4,0,0
1950_9,1,1
8977_4,0,0
9040_1,0,0
2891_10,0,1
2966_10,1,1
8665_4,0,0
6600_1,0,0
9308_1,0,0
7870_10,1,1
10511_1,0,0
7235_8,1,1
132_9,1,1
1575_8,1,1
3328_8,1,1
3273_1,0,0
9475_4,0,0
10938_7,0,1
8143_7,1,1
9003_10,0,1
9854_10,1,1
9932_2,0,0
1017_7,0,1
4386_9,1,1
1105_3,0,0
7315_7,0,1
37_9,1,1
8409_10,1,1
12118_1,0,0
1665_8,1,1
10284_1,0,0
8922_3,0,0
2524_2,0,0
11205_2,0,0
4676_8,1,1
10479_4,1,0
9849_8,1,1
4841_3,0,0
9153_9,0,1
9279_8,0,1
11008_10,0,1
614_10,1,1
167_2,0,0
2041_1,0,0
6509_8,1,1
9832_7,0,1
5939_7,1,1
3267_3,0,0
3555_9,1,1
1668_7,0,1
11048_1,0,0
1856_3,0,0
4426_10,1,1
8457_3,0,0
6603_10,1,1
4738_1,0,0
11762_8,1,1
2078_10,1,1
6754_1,0,0
11721_2,0,0
11558_3,0,0
973_10,0,1
814_4,0,0
2102_3,0,0
11394_4,1,0
312_4,0,0
2994_1,0,0
5649_7,1,1
7281_8,0,1
2756_4,0,0
2137_1,0,0
8696_2,0,0
1158_3,1,0
4531_1,0,0
10047_10,1,1
683_7,0,1
8645_10,0,1
889_3,0,0
4202_2,0,0
3859_10,1,1
5038_8,1,1
6906_9,1,1
4154_8,1,1
9548_1,0,0
4434_9,1,1
9235_9,0,1
2368_8,0,1
8391_2,0,0
1391_7,1,1
4317_1,0,0
8345_4,0,0
8610_1,0,0
2888_10,0,1
5597_3,0,0
4900_7,0,1
3016_2,0,0
1057_2,0,0
5143_8,0,1
6932_2,0,0
7879_10,1,1
9300_3,0,0
12142_2,0,0
3426_3,0,0
7977_7,0,1
1573_3,1,0
336_10,1,1
4248_10,1,1
9693_7,0,1
7753_4,0,0
2290_10,1,1
9156_8,0,1
5526_4,0,0
3896_8,1,1
8520_7,0,1
3566_4,0,0
6386_7,1,1
4201_1,1,0
372_9,1,1
6768_8,1,1
9177_8,1,1
1079_1,0,0
934_10,1,1
11918_2,0,0
4867_4,0,0
12449_8,1,1
7907_10,1,1
4508_3,0,0
1075_2,0,0
11466_8,0,1
10935_2,0,0
4826_9,0,1
4814_7,1,1
8676_4,1,0
1058_1,0,0
7831_2,0,0
1150_9,1,1
5395_1,0,0
5435_7,1,1
1745_1,0,0
11278_4,0,0
8629_1,0,0
3145_9,1,1
8108_10,1,1
6377_1,0,0
10298_1,0,0
12265_1,0,0
11930_8,0,1
2511_10,1,1
7955_1,0,0
2335_9,1,1
3194_10,1,1
6724_10,0,1
9406_1,0,0
11369_1,0,0
1972_4,0,0
6900_8,0,1
7813_7,0,1
785_7,1,1
6368_3,0,0
2163_1,0,0
11487_8,0,1
4292_7,0,1
7451_4,0,0
11465_2,0,0
7641_8,1,1
8250_8,0,1
4490_1,0,0
10452_1,0,0
7442_3,0,0
3027_9,1,1
235_7,1,1
3750_7,1,1
8700_1,0,0
3584_10,0,1
7217_7,1,1
7769_10,1,1
10149_9,0,1
7607_2,0,0
7749_1,0,0
12067_1,0,0
388_10,0,1
6596_1,0,0
10242_2,0,0
3853_1,0,0
5726_4,0,0
9031_9,0,1
1543_7,1,1
1442_8,1,1
6336_10,1,1
5929_4,0,0
3378_3,0,0
183_4,0,0
3518_9,1,1
5870_8,1,1
5053_4,0,0
7330_7,0,1
9553_9,1,1
9552_10,1,1
8515_10,0,1
1666_9,1,1
6661_3,0,0
8721_1,0,0
1368_1,0,0
5076_9,0,1
12353_2,0,0
1099_7,0,1
8669_9,0,1
2564_8,1,1
4369_10,1,1
11951_4,0,0
11384_3,0,0
7459_3,0,0
6776_9,1,1
6673_3,0,0
2500_8,1,1
8739_3,0,0
3828_1,0,0
7945_2,0,0
7934_10,1,1
4571_1,0,0
11689_7,0,1
3681_10,1,1
5110_4,0,0
5953_8,0,1
10906_4,0,0
3424_8,0,1
6492_7,1,1
10450_1,0,0
4856_8,0,1
12019_1,0,0
1390_8,1,1
6452_4,0,0
4916_4,0,0
3979_3,0,0
6023_3,0,0
5762_1,0,0
4176_9,1,1
7194_2,0,0
3143_7,1,1
954_8,1,1
5291_1,0,0
2258_1,1,0
5412_1,0,0
4088_3,0,0
4312_1,0,0
517_1,0,0
5601_1,0,0
288_1,0,0
234_3,0,0
6665_8,1,1
6957_3,0,0
4454_2,0,0
3270_8,0,1
4500_3,0,0
7551_1,0,0
9033_4,0,0
2619_10,0,1
10093_10,0,1
5483_2,0,0
8383_1,0,0
11683_1,0,0
10649_1,0,0
181_3,0,0
3668_2,0,0
3769_1,0,0
11519_3,0,0
5716_10,0,1
10918_8,1,1
3103_1,0,0
7210_10,1,1
2515_8,1,1
8424_9,0,1
1404_10,1,1
3158_10,1,1
4996_2,0,0
5493_3,0,0
8540_9,0,1
8960_8,1,1
11274_3,0,0
11067_10,1,1
3335_2,0,0
6578_4,0,0
916_10,1,1
3844_1,0,0
7108_8,0,1
565_2,1,0
11622_3,0,0
10700_1,0,0
10483_1,0,0
8951_9,0,1
6326_8,1,1
3035_8,1,1
2292_10,0,1
11013_4,0,0
10618_1,0,0
11544_1,0,0
7550_10,0,1
289_8,1,1
6571_10,1,1
6056_10,0,1
10814_1,0,0
9377_1,0,0
1577_8,0,1
9268_9,1,1
10116_10,1,1
7411_10,1,1
12279_4,1,0
3575_1,0,0
8105_8,1,1
6092_10,1,1
12406_1,0,0
1117_2,0,0
12358_7,1,1
4469_9,1,1
7055_2,0,0
10412_8,1,1
12155_10,1,1
11222_3,0,0
9622_9,0,1
8992_8,1,1
5305_3,0,0
8111_10,1,1
3436_1,0,0
2748_8,1,1
6527_10,1,1
672_8,1,1
8172_4,0,0
5513_10,0,1
741_7,1,1
8886_7,0,1
6939_1,0,0
12235_1,0,0
10607_1,0,0
4708_10,0,1
9034_10,1,1
6600_10,0,1
2934_1,0,0
12168_10,1,1
9362_9,1,1
9627_8,1,1
9547_8,0,1
4108_2,0,0
10293_9,0,1
10105_8,0,1
11864_7,1,1
2843_7,0,1
836_9,1,1
6201_1,0,0
8192_4,0,0
2596_1,0,0
6847_3,0,0
8794_1,0,0
7281_4,0,0
9678_2,0,0
10950_3,0,0
5845_4,0,0
6187_10,1,1
4684_9,0,1
10852_1,0,0
11542_3,1,0
5385_1,0,0
9597_3,0,0
8975_3,1,0
10766_3,0,0
4236_8,0,1
118_1,0,0
7278_7,1,1
11069_7,1,1
1002_3,0,0
4210_7,1,1
8514_10,0,1
9676_1,0,0
11826_10,0,1
8216_8,0,1
575_4,0,0
3867_8,1,1
321_10,1,1
1654_1,0,0
973_4,0,0
8796_3,0,0
145_1,0,0
2649_2,0,0
2432_2,0,0
5713_10,1,1
6851_1,1,0
3523_7,0,1
9862_9,0,1
8888_9,0,1
12343_1,0,0
2298_9,1,1
7129_1,0,0
12163_7,0,1
1090_1,0,0
8249_7,0,1
3716_7,1,1
8095_4,0,0
9739_8,1,1
7041_1,0,0
7673_10,1,1
210_4,0,0
283_8,1,1
12361_9,1,1
9254_10,0,1
5598_1,0,0
128_10,1,1
11557_7,0,1
10232_10,0,1
10747_7,1,1
9984_9,1,1
9618_1,0,0
7976_10,1,1
5788_10,1,1
7378_4,0,0
2047_3,0,0
10053_10,1,1
8399_4,0,0
7925_10,1,1
6830_9,0,1
2530_9,0,1
9521_1,0,0
784_10,1,1
10417_7,1,1
2198_9,1,1
8219_8,0,1
6896_4,0,0
5341_7,1,1
2386_9,0,1
2323_8,0,1
9028_2,0,0
6983_7,0,1
9885_7,1,1
11720_1,0,0
8409_3,0,0
5797_7,1,1
7729_9,1,1
10591_10,1,1
9593_9,1,1
6364_4,0,0
7215_3,0,0
3653_2,0,0
4533_8,0,1
10899_8,1,1
8312_10,0,1
9543_10,1,1
5608_8,0,1
1432_10,1,1
5562_9,0,1
12171_9,0,1
4428_10,1,1
2062_2,0,0
8468_8,0,1
827_8,0,1
11539_3,0,0
4215_3,0,0
11310_3,0,0
4525_1,0,0
2093_1,0,0
11238_4,1,0
5523_8,0,1
9848_9,1,1
10000_4,0,0
10304_7,1,1
511_3,0,0
1807_7,0,1
9080_7,1,1
1808_9,1,1
6283_8,0,1
5913_1,0,0
685_1,0,0
9505_8,0,1
7152_1,0,0
11292_1,0,0
8334_10,1,1
11476_1,0,0
3431_10,0,1
4019_1,0,0
7292_3,0,0
1990_7,1,1
1574_1,0,0
5516_8,1,1
4687_10,1,1
11493_2,0,0
771_9,0,1
8864_1,0,0
3001_7,1,1
423_2,0,0
5062_7,0,1
5198_1,0,0
7303_1,0,0
7433_2,1,0
3085_7,1,1
3293_9,1,1
12426_7,0,1
5775_3,0,0
7358_1,0,0
3851_2,0,0
4785_10,0,1
9650_4,0,0
553_9,1,1
401_10,1,1
11522_8,1,1
5222_7,1,1
5042_7,1,1
2638_7,0,1
11883_10,1,1
11476_10,0,1
4999_10,1,1
10360_1,0,0
3443_9,1,1
1138_1,0,0
1898_10,1,1
6069_3,0,0
12101_2,0,0
1953_10,0,1
8679_10,0,1
10348_10,1,1
2208_3,0,0
3886_8,1,1
3734_2,0,0
1330_10,0,1
4639_3,0,0
6837_7,0,1
6520_8,1,1
653_10,1,1
5373_1,0,0
8074_10,1,1
3906_8,0,1
9264_1,0,0
2160_2,0,0
624_3,1,0
3899_1,0,0
2181_7,1,1
7932_4,0,0
8278_1,0,0
7162_9,1,1
185_4,0,0
1997_8,0,1
7295_9,0,1
1083_3,0,0
4678_2,0,0
4859_10,0,1
9091_8,1,1
397_3,0,0
11157_9,0,1
11261_10,0,1
10828_9,1,1
2452_7,1,1
10268_7,1,1
10306_1,0,0
18_8,1,1
7998_10,1,1
8574_10,1,1
2953_10,1,1
8996_9,1,1
7389_9,1,1
202_4,0,0
5612_4,0,0
9916_8,0,1
7606_1,0,0
1585_8,0,1
11803_2,0,0
236_10,1,1
7827_4,0,0
5423_2,0,0
3625_1,0,0
9887_9,1,1
3429_8,1,1
372_2,0,0
1228_4,0,0
7891_10,1,1
4387_1,0,0
6067_1,1,0
7822_1,0,0
10898_2,0,0
512_2,0,0
647_9,0,1
5361_4,0,0
8583_4,0,0
2858_2,0,0
4920_10,1,1
6857_2,0,0
925_2,0,0
2959_3,0,0
11481_10,0,1
10824_1,0,0
1577_4,0,0
2231_7,1,1
11545_3,0,0
1539_2,0,0
9657_4,0,0
10362_7,1,1
11131_2,0,0
9833_7,1,1
8495_10,1,1
11781_2,0,0
1056_8,1,1
9402_1,0,0
6212_1,0,0
3151_1,0,0
5921_3,0,0
2198_4,0,0
269_2,0,0
11464_8,0,1
30_4,1,0
5300_1,0,0
2277_3,0,0
10410_10,0,1
5233_1,0,0
4336_10,1,1
3084_10,0,1
2908_8,1,1
2814_4,1,0
8347_10,1,1
2319_1,0,0
16_1,0,0
821_10,1,1
2793_10,0,1
9909_9,0,1
6934_3,0,0
9138_1,0,0
702_1,0,0
3886_3,0,0
8311_8,1,1
9199_1,0,0
1254_10,1,1
6590_7,0,1
3040_8,1,1
849_7,1,1
7555_10,1,1
9668_3,1,0
10942_7,0,1
11343_2,0,0
7906_10,0,1
11671_10,1,1
126_4,0,0
9623_8,0,1
2872_3,0,0
11895_10,1,1
3245_1,0,0
6145_8,1,1
1022_10,0,1
6261_1,0,0
6888_3,0,0
12443_1,0,0
7433_10,0,1
6512_7,0,1
4161_9,1,1
6745_7,1,1
1993_10,0,1
6325_3,0,0
12484_9,1,1
2204_10,1,1
8065_7,1,1
1705_7,0,1
9370_1,0,0
6150_1,0,0
3587_10,1,1
1906_1,0,0
5706_4,0,0
3854_9,1,1
9655_3,0,0
6736_2,0,0
2096_9,1,1
2846_2,0,0
11849_1,0,0
5224_1,0,0
2987_8,0,1
11058_8,0,1
2917_3,0,0
459_9,1,1
9418_7,1,1
5803_2,0,0
6742_10,1,1
2268_4,0,0
6832_7,1,1
4834_7,1,1
9532_1,1,0
8197_8,1,1
7728_1,0,0
1958_2,0,0
5380_8,1,1
4896_2,0,0
9529_2,0,0
3322_7,0,1
7629_4,0,0
9962_4,0,0
9277_4,0,0
1071_2,0,0
8266_2,0,0
6812_8,0,1
3196_7,0,1
3430_2,0,0
6052_10,1,1
221_3,0,0
3244_1,0,0
4846_1,0,0
2876_7,0,1
4247_4,0,0
11608_1,0,0
564_4,1,0
1978_2,0,0
4089_10,0,1
1633_8,1,1
8983_4,1,0
10909_7,1,1
8135_8,0,1
12238_1,0,0
9564_3,0,0
10174_9,1,1
1690_9,1,1
4756_8,1,1
10718_10,1,1
3489_7,1,1
2124_1,0,0
3842_3,0,0
2700_4,0,0
5960_8,1,1
6193_1,0,0
6719_7,0,1
7922_8,0,1
12132_8,0,1
10169_8,1,1
1486_4,0,0
8455_1,0,0
10019_1,0,0
7028_10,0,1
787_9,1,1
2414_4,0,0
7182_7,0,1
5548_9,0,1
3963_7,1,1
1584_7,0,1
6825_3,0,0
6588_3,0,0
10573_3,0,0
6693_10,0,1
5541_7,1,1
12053_9,0,1
3662_9,1,1
6829_10,1,1
285_10,1,1
1270_4,1,0
4320_10,0,1
1333_3,0,0
6618_1,0,0
10119_1,0,0
2886_1,0,0
8811_7,0,1
11087_9,1,1
3436_8,0,1
10479_10,1,1
8365_9,1,1
12140_8,1,1
6981_7,1,1
10447_2,0,0
10352_1,0,0
943_8,0,1
513_1,0,0
11192_1,0,0
587_3,0,0
3420_10,1,1
10030_7,1,1
3026_10,0,1
3145_1,0,0
2230_9,0,1
5193_1,0,0
11337_8,1,1
3601_9,1,1
3628_10,1,1
4952_10,0,1
1775_10,1,1
8141_4,0,0
572_3,0,0
6732_3,0,0
4274_4,0,0
5892_3,1,0
7035_10,1,1
5354_4,0,0
4264_4,0,0
8151_9,0,1
376_2,0,0
5352_1,0,0
1365_8,1,1
8272_10,1,1
6942_4,1,0
9067_4,0,0
11428_1,0,0
7308_3,1,0
8349_10,0,1
11336_4,1,0
551_9,1,1
4721_10,1,1
4862_1,0,0
5469_4,0,0
3834_10,1,1
4717_10,1,1
4202_9,0,1
5335_4,1,0
7587_8,1,1
10827_4,0,0
3432_1,0,0
6110_4,0,0
5618_7,1,1
11808_1,0,0
9293_4,1,0
2163_8,1,1
4802_1,0,0
5476_7,1,1
9991_1,0,0
2681_10,1,1
11728_2,1,0
1466_8,1,1
4853_7,1,1
3668_9,1,1
5334_7,1,1
12017_8,0,1
2046_9,1,1
2652_7,1,1
2250_8,0,1
2253_1,0,0
9733_10,0,1
3_4,0,0
6129_8,0,1
6858_3,0,0
371_8,1,1
1111_3,0,0
12330_1,0,0
3219_1,0,0
11372_9,0,1
1434_4,0,0
8232_7,1,1
7883_1,0,0
9151_2,0,0
10574_3,0,0
9376_8,1,1
7737_1,0,0
7410_8,1,1
10488_7,0,1
5906_10,1,1
5308_10,1,1
11266_2,0,0
7627_1,0,0
218_3,0,0
9031_2,0,0
3427_10,1,1
8532_3,0,0
6588_9,1,1
9744_1,0,0
3061_1,0,0
11668_9,1,1
9331_1,0,0
238_9,1,1
10593_8,0,1
4441_9,1,1
3717_3,0,0
5618_4,0,0
4353_10,0,1
1268_2,0,0
5178_3,0,0
2991_1,0,0
9976_9,0,1
7891_1,0,0
445_3,0,0
11158_7,1,1
10328_1,0,0
9137_9,1,1
7399_2,0,0
1187_7,1,1
10642_1,0,0
3939_3,0,0
5310_9,1,1
2087_9,1,1
57_4,0,0
4645_10,1,1
1734_4,0,0
8924_1,0,0
4418_3,0,0
9403_1,0,0
12065_10,1,1
6763_3,0,0
3882_8,1,1
7286_3,0,0
9259_9,1,1
5134_3,0,0
10166_4,1,0
8362_3,0,0
9701_4,0,0
4227_7,1,1
8483_10,1,1
6002_3,0,0
5815_9,1,1
9385_10,0,1
11047_1,0,0
6306_1,0,0
9141_2,0,0
4594_1,0,0
10471_4,0,0
48_9,1,1
8133_8,0,1
8493_1,0,0
3425_8,0,1
5731_9,1,1
4373_10,0,1
4366_10,0,1
6123_10,1,1
1430_3,0,0
508_7,0,1
11600_10,1,1
11767_8,0,1
1597_1,0,0
7257_8,1,1
244_2,0,0
116_4,0,0
7856_10,1,1
7640_9,0,1
10956_8,1,1
11002_3,0,0
11666_10,1,1
7683_4,0,0
10846_4,0,0
1317_2,0,0
5_7,0,1
8526_2,0,0
1526_7,1,1
3144_9,1,1
241_7,1,1
8953_1,0,0
5919_8,1,1
7983_4,1,0
5222_2,0,0
1662_1,0,0
5830_10,0,1
859_1,0,0
10761_8,0,1
12037_7,0,1
2629_10,1,1
1019_10,0,1
11270_10,0,1
620_8,1,1
6718_10,0,1
1402_8,0,1
6804_1,0,0
11743_1,0,0
3117_10,0,1
7441_9,1,1
4553_2,0,0
5182_10,1,1
81_9,0,1
8343_10,1,1
2030_1,0,0
7866_7,1,1
11132_1,0,0
879_3,0,0
6547_10,0,1
11166_4,0,0
7427_1,0,0
5848_4,0,0
10734_2,0,0
11263_10,1,1
9761_7,1,1
7582_10,1,1
3849_1,0,0
8242_10,1,1
309_10,1,1
5492_1,0,0
4294_2,1,0
7222_7,0,1
3365_1,0,0
11084_7,1,1
50_10,1,1
3234_1,0,0
10155_7,0,1
1181_1,0,0
1505_3,0,0
11926_1,0,0
12174_3,0,0
4589_4,0,0
12421_8,1,1
1079_8,1,1
4852_8,1,1
11753_8,0,1
11257_10,1,1
8270_1,0,0
7690_3,0,0
12354_8,0,1
11419_8,0,1
7587_4,0,0
818_9,0,1
10431_10,1,1
12056_4,0,0
7595_10,1,1
2601_1,0,0
10022_10,1,1
4124_1,0,0
11573_10,1,1
9868_1,0,0
7093_1,0,0
4993_3,0,0
3192_8,1,1
8269_10,1,1
5767_10,0,1
8440_7,1,1
1038_10,0,1
525_9,1,1
689_3,0,0
10989_1,0,0
6166_4,1,0
6452_10,1,1
3217_1,0,0
11629_4,0,0
4338_1,0,0
2822_1,0,0
11252_7,0,1
11097_9,1,1
7124_10,1,1
261_3,0,0
7828_10,1,1
9030_7,1,1
9723_2,0,0
6924_9,1,1
11945_4,1,0
11811_2,0,0
3115_8,1,1
4381_9,1,1
676_1,0,0
8002_9,1,1
9209_3,0,0
1677_10,1,1
7094_7,1,1
12193_8,0,1
1227_7,0,1
9186_10,1,1
6117_1,0,0
8621_2,1,0
9729_1,0,0
12239_7,0,1
2465_2,0,0
4360_10,1,1
10538_1,0,0
3439_4,0,0
256_10,1,1
7114_1,0,0
3206_3,0,0
229_10,0,1
7501_3,0,0
3639_1,0,0
9751_9,1,1
8277_3,0,0
5276_4,0,0
1804_8,1,1
8497_1,0,0
7742_1,0,0
9755_7,1,1
8429_8,0,1
769_3,0,0
7452_10,0,1
1004_4,0,0
6393_10,1,1
7457_1,0,0
8182_10,1,1
11589_9,1,1
4718_8,1,1
5315_10,1,1
9927_3,0,0
6391_1,0,0
532_3,0,0
10544_10,1,1
3576_4,0,0
5420_4,0,0
7140_10,1,1
11018_4,0,0
7443_8,1,1
7399_9,0,1
12129_10,0,1
6876_3,0,0
9227_1,0,0
4983_1,0,0
2502_1,0,0
2584_9,1,1
5637_2,0,0
6497_10,1,1
8464_2,0,0
2070_10,0,1
4574_3,0,0
1642_10,1,1
356_9,0,1
8052_4,1,0
2457_10,1,1
6322_4,0,0
2218_10,0,1
10669_7,0,1
5296_2,0,0
1118_1,0,0
8588_1,0,0
12348_10,1,1
7990_9,1,1
819_7,1,1
10552_7,1,1
9126_4,0,0
11190_9,1,1
6696_2,0,0
4906_10,1,1
6809_4,0,0
10032_1,0,0
2694_10,1,1
6411_8,1,1
11967_9,0,1
10190_1,0,0
316_1,0,0
5644_9,1,1
12083_10,1,1
9280_3,0,0
11735_2,0,0
5219_1,0,0
6810_3,0,0
7817_2,0,0
6753_9,0,1
16_8,1,1
3908_1,0,0
11502_10,1,1
523_1,0,0
11213_10,1,1
5058_8,1,1
3290_1,0,0
2954_4,0,0
7148_1,0,0
4455_7,1,1
1873_7,0,1
4796_2,0,0
6317_3,1,0
11153_10,1,1
3319_1,0,0
1247_9,1,1
9119_1,0,0
7904_10,1,1
4892_1,0,0
4608_8,0,1
4756_4,0,0
230_1,1,0
6730_1,0,0
6639_8,0,1
1726_1,0,0
4540_2,0,0
1898_1,0,0
877_1,0,0
10416_9,1,1
1359_2,0,0
8886_1,0,0
553_1,0,0
5252_10,1,1
8808_9,0,1
8792_10,1,1
11723_10,1,1
6977_9,1,1
5050_2,0,0
6413_8,1,1
9880_8,1,1
5827_10,1,1
5271_10,1,1
12231_2,0,0
9913_1,0,0
3058_10,1,1
1278_10,1,1
4923_9,1,1
4662_1,0,0
10857_2,0,0
5033_7,1,1
7681_10,1,1
8916_3,0,0
10603_3,0,0
8940_3,1,0
2381_1,0,0
9188_8,0,1
5290_8,1,1
6746_1,0,0
1001_10,1,1
1190_1,0,0
1858_1,0,0
5645_10,1,1
3021_9,1,1
9801_2,0,0
2498_4,0,0
7972_10,1,1
1200_1,0,0
9626_4,0,0
11750_10,0,1
9571_10,1,1
11593_10,1,1
4432_10,1,1
10324_1,0,0
9123_10,1,1
10155_1,0,0
12237_10,1,1
2828_2,0,0
6375_4,0,0
8264_10,1,1
6131_7,1,1
2950_10,0,1
3584_1,0,0
3077_9,1,1
8867_10,1,1
4189_9,1,1
2297_9,0,1
3607_8,1,1
339_10,0,1
6450_10,1,1
8537_9,0,1
5663_10,0,1
7179_10,1,1
1929_10,0,1
7363_10,1,1
7073_10,1,1
8472_10,1,1
2397_4,0,0
5710_3,0,0
12429_1,0,0
4841_9,1,1
5819_2,0,0
7112_8,0,1
1087_10,1,1
10766_8,0,1
10675_8,0,1
11953_3,0,0
1927_9,0,1
10455_9,0,1
451_8,1,1
10796_8,1,1
5288_7,1,1
4368_2,0,0
10456_10,0,1
9981_1,0,0
11403_1,0,0
5219_7,1,1
11929_4,1,0
5481_10,1,1
3829_4,0,0
11367_4,0,0
8154_10,1,1
2754_2,0,0
2299_10,1,1
8868_1,0,0
4566_10,1,1
6688_1,0,0
2666_4,0,0
11892_10,1,1
2667_10,0,1
9244_9,1,1
12498_7,0,1
3493_9,0,1
7565_10,1,1
2916_7,0,1
12473_8,0,1
3142_9,0,1
3289_10,1,1
11159_10,1,1
8428_2,0,0
4152_8,1,1
10754_8,1,1
11718_1,0,0
5408_1,0,0
5686_8,1,1
7479_8,0,1
5160_10,1,1
3138_1,0,0
10343_9,1,1
9524_3,0,0
7794_1,0,0
5433_1,0,0
3380_8,0,1
7222_3,0,0
1751_4,1,0
3914_10,0,1
8022_3,0,0
3975_4,0,0
8177_1,0,0
5670_1,0,0
203_10,1,1
4315_2,0,0
8296_8,1,1
971_10,1,1
12018_1,0,0
3714_9,1,1
4342_2,0,0
4965_3,0,0
5126_8,1,1
10686_3,0,0
7290_10,0,1
8474_8,1,1
7633_2,0,0
2226_10,0,1
1436_9,1,1
813_10,1,1
11865_7,0,1
4937_9,1,1
4613_9,0,1
8129_9,1,1
2376_4,0,0
6861_1,0,0
9104_2,0,0
10590_3,0,0
11021_4,0,0
9480_10,0,1
12212_10,0,1
11766_7,1,1
5356_7,0,1
9572_7,1,1
3264_8,1,1
11794_1,0,0
11739_2,0,0
731_8,0,1
6278_9,1,1
625_10,1,1
7252_2,0,0
5171_10,1,1
9149_3,0,0
10780_3,0,0
1568_9,1,1
7291_9,1,1
2288_8,1,1
3126_9,1,1
3352_7,0,1
9455_1,0,0
1709_7,0,1
9309_2,0,0
994_3,0,0
4173_10,0,1
113_3,0,0
10472_10,1,1
7193_1,0,0
9978_3,0,0
783_8,1,1
7585_10,1,1
2135_9,1,1
10887_10,1,1
4075_2,0,0
10521_2,0,0
844_1,0,0
6691_3,0,0
3879_4,0,0
3511_1,0,0
332_1,0,0
7398_4,0,0
1845_1,0,0
3890_3,0,0
3781_9,1,1
3723_1,0,0
2908_1,0,0
7625_3,0,0
6310_10,1,1
9432_4,1,0
1820_10,1,1
6809_8,1,1
9911_1,0,0
12001_8,1,1
7266_7,1,1
263_10,1,1
2109_3,0,0
7293_4,0,0
8874_8,1,1
2143_4,0,0
4307_9,0,1
4176_1,0,0
8369_3,0,0
12317_1,0,0
1687_4,0,0
12082_1,0,0
3396_10,0,1
9129_9,0,1
10090_10,1,1
11841_1,0,0
12447_4,0,0
11624_10,1,1
8624_10,0,1
9290_1,0,0
1108_8,0,1
4300_10,0,1
2553_4,1,0
10550_8,0,1
8884_10,0,1
6760_2,0,0
1177_3,1,0
9939_2,0,0
2100_7,1,1
9677_1,0,0
2511_4,0,0
4115_8,1,1
437_9,0,1
6698_10,1,1
11049_9,1,1
10168_4,0,0
8071_8,1,1
12474_4,1,0
3775_10,1,1
7478_10,0,1
4312_8,1,1
3105_7,1,1
640_9,1,1
6891_1,0,0
1849_10,0,1
8528_7,0,1
9032_4,0,0
11743_9,1,1
2813_10,1,1
846_2,0,0
3695_4,0,0
5972_3,0,0
4831_1,0,0
11826_1,0,0
7684_10,0,1
7042_8,1,1
10247_10,1,1
6766_8,0,1
2091_2,0,0
5108_2,0,0
10644_1,0,0
5955_2,0,0
9451_10,1,1
11518_10,1,1
3871_1,0,0
5013_1,0,0
5056_4,0,0
3688_1,0,0
2325_2,0,0
6330_4,0,0
8783_1,0,0
3848_3,0,0
5901_10,1,1
10947_3,0,0
4590_10,0,1
4337_10,0,1
11029_3,0,0
10980_3,1,0
165_7,1,1
474_8,1,1
3175_8,1,1
11764_1,0,0
2164_7,0,1
8891_8,0,1
8294_9,0,1
6602_7,0,1
8187_8,0,1
2609_2,0,0
6506_8,1,1
2207_1,0,0
2467_9,1,1
7440_1,0,0
6417_8,1,1
12278_7,0,1
4495_3,0,0
8223_10,1,1
3659_4,0,0
1120_3,0,0
9713_3,0,0
808_10,1,1
11164_10,1,1
3536_10,1,1
10930_1,0,0
6868_4,0,0
2248_1,0,0
3624_4,0,0
1442_1,0,0
10167_4,0,0
10645_10,0,1
4414_1,0,0
6409_2,0,0
10486_1,0,0
2983_7,1,1
4985_4,0,0
3566_9,0,1
8340_4,1,0
10246_9,1,1
7380_1,0,0
12381_3,0,0
11723_4,0,0
7478_1,0,0
900_9,0,1
3364_2,0,0
6570_1,0,0
9309_8,1,1
6044_1,0,0
9261_2,0,0
5690_8,1,1
5326_2,0,0
11179_10,0,1
8908_1,0,0
10224_9,0,1
7318_10,1,1
11098_8,1,1
10120_1,0,0
4561_2,1,0
4409_3,0,0
4301_9,0,1
9254_3,0,0
10717_9,0,1
10619_2,0,0
5924_1,0,0
11657_10,1,1
6373_4,0,0
10469_10,0,1
5531_9,0,1
1089_10,1,1
5082_10,1,1
4267_1,0,0
3006_10,0,1
9318_3,0,0
11877_1,0,0
7274_1,0,0
12450_7,1,1
148_9,0,1
10353_10,0,1
1368_8,0,1
9408_7,1,1
5739_7,1,1
7036_10,1,1
11554_2,0,0
4601_9,0,1
10376_3,0,0
2486_8,0,1
5745_4,0,0
873_3,0,0
7009_1,0,0
542_7,1,1
12008_8,1,1
8040_8,1,1
4048_2,0,0
4895_10,0,1
11789_9,1,1
5084_7,1,1
9207_10,1,1
923_4,0,0
106_3,0,0
1125_1,0,0
839_10,1,1
5285_10,1,1
7444_7,0,1
1566_8,0,1
3285_1,0,0
6203_2,0,0
11147_3,0,0
11152_3,0,0
3335_9,1,1
6689_1,0,0
6557_7,1,1
3362_10,1,1
101_3,0,0
10692_4,0,0
4462_7,0,1
265_1,0,0
1369_3,0,0
9112_10,0,1
7870_1,0,0
6102_10,1,1
3973_10,0,1
8232_1,0,0
3177_10,1,1
11598_10,0,1
882_2,0,0
5660_10,0,1
1685_10,1,1
2064_1,0,0
2296_9,0,1
3648_10,0,1
5486_4,0,0
2496_8,0,1
9579_10,0,1
10776_10,1,1
5889_10,0,1
8292_1,0,0
10547_3,0,0
10415_7,1,1
10741_1,0,0
10196_1,0,0
12155_2,0,0
2224_3,1,0
10356_7,0,1
7202_1,0,0
11973_10,0,1
1792_8,0,1
7894_9,1,1
11413_1,0,0
10596_10,1,1
2462_2,0,0
9451_1,0,0
2895_1,0,0
2513_4,1,0
11950_7,0,1
10566_9,0,1
2209_4,0,0
9292_4,0,0
5575_8,1,1
1688_4,0,0
440_8,1,1
6324_10,1,1
8296_2,0,0
9460_1,0,0
3992_8,1,1
11425_10,1,1
147_4,0,0
2897_4,0,0
6214_4,0,0
11157_4,0,0
4204_8,1,1
7255_2,0,0
8435_1,0,0
11354_2,0,0
2136_9,1,1
295_1,0,0
335_10,1,1
8791_4,0,0
2817_1,0,0
1629_8,1,1
6826_3,0,0
5550_8,1,1
3572_10,1,1
4543_10,0,1
2789_1,0,0
12288_7,1,1
9769_9,1,1
1257_1,0,0
6180_10,0,1
8881_8,1,1
7075_10,1,1
10254_1,0,0
12214_10,0,1
829_10,0,1
5633_8,0,1
6202_7,0,1
4843_10,0,1
7564_8,1,1
3539_4,0,0
9634_9,1,1
7578_9,1,1
6642_9,1,1
3438_8,1,1
11407_4,0,0
9891_1,0,0
3875_4,0,0
6447_2,0,0
5027_8,1,1
11415_7,0,1
7762_9,1,1
7263_10,1,1
6556_1,0,0
5491_10,1,1
3418_8,0,1
4137_1,0,0
5519_7,0,1
3435_9,1,1
10199_10,0,1
5212_4,0,0
11891_10,1,1
4989_7,0,1
2883_3,0,0
9154_2,0,0
8384_10,1,1
4082_10,1,1
4334_2,0,0
5652_10,0,1
4544_2,0,0
4987_8,0,1
9648_3,0,0
10755_4,1,0
4386_1,0,0
4619_4,0,0
5860_7,0,1
11492_1,0,0
2126_9,1,1
8355_7,0,1
6560_10,0,1
4026_9,1,1
4019_7,0,1
455_10,1,1
6637_1,1,0
7490_3,0,0
10533_10,0,1
7417_7,0,1
3392_2,0,0
460_1,0,0
5364_10,1,1
234_7,0,1
709_4,0,0
2753_9,0,1
9434_10,0,1
2835_7,1,1
6849_1,0,0
11186_3,0,0
10902_8,1,1
2617_2,0,0
7423_9,0,1
4699_1,0,0
12312_10,1,1
6185_4,0,0
3742_3,0,0
1314_8,1,1
7985_1,0,0
3669_4,1,0
2791_8,0,1
2295_8,0,1
12111_1,0,0
11827_10,0,1
10191_1,0,0
5264_2,0,0
11002_8,1,1
12423_2,0,0
3551_7,0,1
10804_3,0,0
3670_4,1,0
8408_10,0,1
1307_10,1,1
10906_10,0,1
4039_2,0,0
1010_9,1,1
8764_1,0,0
10894_10,0,1
1249_1,0,0
1844_9,1,1
3252_9,0,1
12272_1,0,0
5599_10,0,1
6265_8,1,1
4497_4,1,0
3925_2,0,0
7935_9,1,1
12146_1,0,0
2345_3,1,0
11171_10,1,1
6726_1,0,0
11129_9,1,1
616_10,1,1
11349_3,0,0
2485_10,1,1
3212_4,0,0
5578_10,1,1
2252_9,1,1
11643_3,0,0
12081_4,0,0
4104_10,1,1
4504_7,0,1
6354_10,0,1
12118_8,1,1
9680_10,1,1
7173_10,1,1
1965_3,0,0
2674_7,0,1
1425_1,0,0
4017_8,1,1
3835_2,0,0
1335_4,0,0
627_1,0,0
8330_3,0,0
8907_1,0,0
11801_10,0,1
3231_1,0,0
860_4,0,0
2902_8,1,1
11550_4,0,0
4944_10,0,1
10190_10,0,1
4090_3,0,0
3863_1,0,0
3904_9,1,1
917_4,0,0
5540_2,0,0
9183_7,0,1
2570_4,0,0
11868_1,0,0
7438_3,0,0
10484_2,0,0
1988_8,1,1
46_2,0,0
6624_4,0,0
4666_7,0,1
11479_4,0,0
308_1,0,0
5400_9,0,1
5258_1,0,0
432_3,0,0
7245_1,0,0
7082_1,0,0
9698_10,0,1
1085_9,1,1
9999_10,1,1
4235_7,0,1
11603_10,0,1
4457_3,0,0
5022_8,1,1
12278_3,0,0
12076_2,0,0
7239_4,0,0
4691_10,1,1
9820_2,0,0
5932_1,0,0
10265_9,1,1
9247_2,0,0
4581_3,0,0
11060_7,1,1
10349_2,0,0
9821_3,0,0
3375_7,0,1
5515_10,1,1
3921_8,0,1
6671_8,0,1
7051_7,0,1
743_7,0,1
8230_3,0,0
11203_2,0,0
11616_1,0,0
8033_9,1,1
1472_10,0,1
1932_3,0,0
6827_2,0,0
6912_4,0,0
12024_1,0,0
10625_1,0,0
9528_10,1,1
6663_3,0,0
10727_1,0,0
6646_10,1,1
7632_7,1,1
8518_2,0,0
6398_9,1,1
488_8,1,1
4133_1,0,0
4128_10,1,1
5883_10,1,1
10240_1,0,0
8791_8,1,1
10917_8,1,1
9097_10,1,1
8438_1,0,0
7536_1,0,0
7542_3,0,0
3928_7,0,1
12477_2,0,0
9157_3,0,0
2694_2,0,0
3632_3,0,0
7169_10,1,1
6931_7,0,1
11474_10,1,1
2252_1,0,0
1261_7,0,1
523_9,0,1
12233_2,0,0
4731_9,0,1
12376_10,0,1
11834_4,1,0
7063_9,0,1
5289_1,0,0
9632_3,0,0
11086_1,0,0
8224_10,1,1
8013_3,0,0
8003_3,0,0
2281_8,1,1
4643_7,1,1
7942_3,0,0
11067_2,0,0
5577_1,0,0
5796_1,0,0
11514_1,0,0
1867_1,0,0
4804_2,0,0
4547_1,0,0
6391_7,1,1
6260_9,1,1
5355_10,0,1
12358_4,0,0
860_7,1,1
3768_1,0,0
8742_3,1,0
10786_4,0,0
5337_3,0,0
11260_10,0,1
7364_1,0,0
4434_2,0,0
10604_8,0,1
9587_7,1,1
738_1,0,0
3757_8,1,1
6970_10,1,1
6194_1,0,0
4559_10,0,1
2334_3,0,0
10636_3,0,0
4192_1,0,0
1579_4,0,0
7168_10,1,1
3789_9,1,1
5617_7,0,1
5757_8,1,1
1431_7,1,1
6130_4,0,0
12092_3,0,0
7918_3,0,0
5386_10,0,1
2794_9,0,1
2394_2,0,0
10690_7,0,1
6406_4,0,0
12288_2,0,0
7405_4,0,0
6153_10,0,1
5577_9,1,1
1462_1,0,0
7732_9,1,1
9046_10,1,1
11086_8,1,1
1426_7,0,1
12174_10,0,1
5537_1,0,0
11746_1,0,0
12203_10,1,1
11585_7,0,1
9765_1,0,0
6295_8,1,1
3991_4,0,0
11134_10,1,1
12379_7,0,1
7316_2,0,0
6955_4,0,0
8092_7,1,1
9788_1,0,0
9494_1,0,0
721_10,1,1
1250_9,1,1
3204_2,0,0
6539_9,1,1
7944_1,0,0
8632_8,1,1
2787_10,1,1
11497_1,0,0
8577_9,1,1
2717_8,0,1
3251_8,1,1
11714_7,0,1
3868_7,1,1
7394_1,0,0
481_7,1,1
5237_2,0,0
11148_9,1,1
11946_7,0,1
7301_1,0,0
384_9,0,1
8535_2,0,0
8067_8,1,1
8452_2,0,0
7361_1,0,0
4017_3,0,0
6304_9,1,1
7326_10,0,1
399_1,0,0
9003_1,0,0
11314_8,0,1
4909_10,1,1
10463_10,1,1
7355_2,0,0
3553_2,0,0
4404_10,1,1
9304_1,0,0
7903_1,0,0
4429_3,0,0
6287_7,1,1
10461_1,0,0
668_10,0,1
7560_10,1,1
2785_1,0,0
2801_10,1,1
4318_9,0,1
244_9,1,1
12435_2,0,0
2788_9,1,1
2537_7,0,1
928_1,0,0
3312_7,1,1
12147_10,1,1
5414_9,0,1
9871_1,0,0
1308_8,1,1
7668_1,0,0
5571_10,1,1
2052_10,0,1
7089_9,1,1
6411_2,0,0
8514_1,0,0
5921_10,1,1
3264_1,0,0
319_1,0,0
3433_10,0,1
1610_8,0,1
8002_3,0,0
8099_9,1,1
5418_1,0,0
6247_3,0,0
5153_8,1,1
12201_1,0,0
8900_1,0,0
10908_2,0,0
598_1,0,0
10590_9,0,1
6706_10,1,1
12299_9,1,1
2159_7,1,1
186_1,0,0
3008_8,1,1
831_7,0,1
2717_3,0,0
5174_10,1,1
3088_3,0,0
6262_8,1,1
12303_1,0,0
9904_8,1,1
10097_10,1,1
6242_8,0,1
9653_10,1,1
12499_1,0,0
894_1,0,0
8935_7,0,1
3184_2,0,0
2226_4,1,0
592_10,1,1
2173_8,1,1
10967_2,0,0
3332_3,0,0
1074_2,0,0
2396_4,0,0
2627_4,0,0
5982_9,1,1
1386_1,0,0
7325_4,1,0
112_2,0,0
8856_10,1,1
1948_1,0,0
5791_4,0,0
1007_9,0,1
3758_3,0,0
6455_2,0,0
6464_9,1,1
5403_10,1,1
7076_10,1,1
6123_3,0,0
2832_7,1,1
9287_10,1,1
3665_10,1,1
4488_4,1,0
5861_1,0,0
2222_10,1,1
9608_1,0,0
6225_4,0,0
5643_3,0,0
8720_7,0,1
4955_7,1,1
6839_1,0,0
7396_1,0,0
6234_8,0,1
10423_1,0,0
2158_1,0,0
6929_8,0,1
7593_3,0,0
636_1,0,0
2747_7,1,1
7398_10,1,1
6852_4,0,0
9938_3,0,0
3989_3,0,0
1104_9,1,1
5897_3,0,0
5254_3,0,0
4824_1,0,0
10945_8,1,1
11486_8,1,1
2542_1,0,0
1824_10,1,1
10181_2,0,0
2492_9,0,1
8111_1,0,0
5844_9,1,1
1369_7,0,1
10775_4,0,0
9617_9,1,1
4709_1,0,0
7043_2,0,0
5166_10,0,1
1604_8,1,1
8576_8,1,1
1916_7,0,1
10286_10,0,1
10241_1,0,0
12441_9,1,1
4529_1,0,0
1553_3,0,0
3985_4,1,0
5542_8,1,1
10857_9,1,1
7600_1,0,0
12095_9,1,1
3134_10,1,1
9472_3,0,0
1058_10,1,1
7328_9,0,1
3865_3,0,0
7409_3,0,0
4795_1,0,0
11596_10,1,1
3758_8,1,1
5099_4,0,0
7707_10,1,1
1412_3,0,0
4720_10,1,1
978_7,1,1
6165_8,1,1
1307_1,0,0
2322_7,1,1
5328_10,0,1
11934_8,0,1
1940_3,0,0
6270_10,0,1
5262_8,1,1
4068_9,1,1
1208_3,0,0
10220_3,0,0
5091_1,0,0
2738_1,0,0
8909_3,0,0
932_2,0,0
863_10,0,1
454_1,0,0
10525_4,0,0
175_4,0,0
4551_1,0,0
5666_1,0,0
4324_10,0,1
8189_1,0,0
12064_10,1,1
8622_10,1,1
1115_9,0,1
9593_1,0,0
5579_10,0,1
3467_1,0,0
11409_1,0,0
8682_1,0,0
7866_1,0,0
6111_8,0,1
524_9,1,1
9837_7,1,1
2215_1,0,0
6840_10,0,1
7384_8,1,1
6353_7,0,1
8650_3,0,0
1890_10,1,1
10402_8,0,1
3770_4,0,0
3086_1,0,0
1487_3,0,0
2995_10,1,1
2356_7,0,1
5320_10,0,1
3235_1,0,0
6802_1,0,0
11329_9,0,1
1143_8,0,1
5768_3,0,0
8004_1,0,0
5453_3,0,0
11288_10,0,1
3278_10,1,1
11856_7,1,1
12057_10,1,1
1825_4,0,0
3319_10,0,1
5956_7,1,1
4875_10,0,1
562_1,0,0
11359_8,1,1
12454_10,0,1
10621_2,0,0
10407_2,0,0
3532_2,0,0
10162_4,0,0
7084_4,1,0
167_10,1,1
3362_1,0,0
6370_10,1,1
2281_3,0,0
10454_1,0,0
12387_8,0,1
8375_8,0,1
9656_3,0,0
9387_1,0,0
4907_1,0,0
4697_9,1,1
4217_1,0,0
8860_10,0,1
7312_3,0,0
9326_10,1,1
3785_8,0,1
2255_1,0,0
9950_3,0,0
558_2,0,0
413_8,1,1
7837_9,1,1
9192_1,0,0
7_1,0,0
9674_1,0,0
9771_4,0,0
3331_10,0,1
11444_8,0,1
3009_7,1,1
5584_1,0,0
12044_10,1,1
5952_9,0,1
4989_2,0,0
5722_3,0,0
6207_4,0,0
7646_1,0,0
1811_3,0,0
1197_3,0,0
709_9,1,1
8554_9,1,1
1706_9,0,1
10060_10,1,1
6818_1,0,0
7255_9,0,1
3790_7,1,1
7833_9,0,1
7448_4,0,0
3456_1,1,0
3881_3,0,0
11049_1,0,0
1269_1,0,0
7803_10,1,1
1413_9,0,1
1289_8,1,1
3967_9,0,1
7533_10,0,1
5372_8,0,1
1518_1,0,0
10752_3,1,0
4863_3,0,0
699_1,0,0
11537_3,0,0
9241_7,0,1
876_3,0,0
11234_4,0,0
5942_4,0,0
1778_10,1,1
2631_9,1,1
7425_9,1,1
3410_10,1,1
9155_10,0,1
4396_10,1,1
8894_7,1,1
6034_10,0,1
12105_1,0,0
11645_7,1,1
1821_4,1,0
9028_7,1,1
4670_7,1,1
4720_3,0,0
10001_1,0,0
8363_2,0,0
5681_9,1,1
8165_10,1,1
11961_2,0,0
406_1,0,0
8313_1,0,0
11945_7,0,1
9454_9,0,1
9523_10,1,1
10516_10,0,1
6036_3,0,0
5046_1,0,0
9019_9,0,1
5471_10,1,1
11862_7,0,1
651_1,0,0
3131_9,1,1
9912_1,0,0
6231_2,0,0
5523_2,0,0
1817_1,0,0
8880_7,1,1
6080_4,0,0
9940_1,0,0
3409_4,0,0
3713_4,0,0
3447_3,0,0
3460_8,1,1
9397_10,0,1
5528_8,1,1
7658_10,1,1
5893_10,0,1
1646_1,0,0
9620_7,0,1
66_3,0,0
1691_10,1,1
4311_7,0,1
12091_1,0,0
5391_1,0,0
576_4,0,0
4734_9,0,1
6008_10,1,1
8527_7,1,1
6048_10,1,1
5102_10,1,1
6794_10,1,1
3473_3,0,0
2025_9,1,1
9728_2,0,0
10704_10,1,1
9094_4,1,0
7838_9,1,1
5779_1,0,0
5342_4,0,0
9291_10,0,1
7028_2,0,0
1331_9,1,1
9913_8,0,1
10250_10,1,1
9227_8,1,1
6278_4,0,0
2302_1,0,0
7000_2,0,0
416_2,0,0
6846_1,0,0
3253_9,1,1
1712_1,0,0
9720_10,0,1
769_9,1,1
6635_10,1,1
1421_10,0,1
6803_1,0,0
4290_4,0,0
2465_7,0,1
70_8,1,1
5176_10,0,1
305_2,0,0
11094_3,0,0
1109_10,1,1
95_3,0,0
2378_10,1,1
3270_3,0,0
6999_4,1,0
7594_8,0,1
9549_10,0,1
8263_4,0,0
10379_9,1,1
11187_1,0,0
2278_3,0,0
11180_4,0,0
745_10,0,1
9794_4,0,0
6565_1,0,0
9608_8,1,1
12222_1,0,0
9330_9,1,1
3611_9,1,1
1775_4,0,0
3635_1,0,0
3893_1,0,0
2802_1,0,0
2481_10,1,1
1540_3,0,0
2205_4,0,0
10970_7,1,1
8287_2,0,0
484_1,0,0
249_2,0,0
12073_10,1,1
1443_7,1,1
4985_7,1,1
12247_1,0,0
3170_3,0,0
2900_10,0,1
1930_9,1,1
12309_10,1,1
10720_8,1,1
5260_4,0,0
5212_8,1,1
3872_10,0,1
9705_1,0,0
10367_8,1,1
10063_10,1,1
9682_1,0,0
7356_8,0,1
6045_7,1,1
3181_10,1,1
7212_9,0,1
8801_9,1,1
2910_3,0,0
5031_7,1,1
1416_1,0,0
8903_10,0,1
10620_4,0,0
8957_1,0,0
3374_1,0,0
9196_1,0,0
5167_10,1,1
10900_1,0,0
5405_2,0,0
1546_1,0,0
12331_4,0,0
4733_9,1,1
6682_10,1,1
1356_8,0,1
2301_2,0,0
11565_7,0,1
8731_7,1,1
1638_10,1,1
7280_3,0,0
51_4,0,0
355_4,1,0
485_10,1,1
554_4,0,0
8059_3,0,0
3645_4,0,0
7332_7,1,1
10877_2,0,0
10837_1,0,0
6273_10,0,1
11773_2,0,0
744_1,0,0
9762_8,1,1
831_4,0,0
4450_3,0,0
5338_4,0,0
6741_2,0,0
5962_9,1,1
10363_3,0,0
9063_10,1,1
2739_1,0,0
5920_2,0,0
5200_9,1,1
6498_10,1,1
591_1,0,0
8010_9,1,1
369_8,0,1
9971_9,1,1
11735_8,1,1
11278_10,1,1
1464_9,0,1
3787_8,1,1
10097_2,0,0
3728_8,1,1
9996_2,0,0
8676_10,1,1
9718_4,0,0
9280_7,1,1
8343_4,0,0
3505_1,0,0
8863_10,0,1
5682_10,0,1
4704_2,0,0
11106_7,0,1
10541_2,0,0
6601_9,1,1
11387_10,1,1
8864_10,0,1
7139_4,0,0
10068_8,0,1
2572_1,0,0
3819_10,1,1
11954_1,0,0
2525_4,0,0
12440_7,1,1
1489_10,1,1
12422_7,0,1
5463_10,0,1
5684_1,0,0
30_9,1,1
1255_8,1,1
3993_4,0,0
10386_7,0,1
10111_10,1,1
2915_9,0,1
4621_1,0,0
3671_9,1,1
1069_4,0,0
2060_10,0,1
3788_2,0,0
3_7,0,1
7722_1,0,0
9601_1,0,0
3294_3,0,0
4361_1,0,0
6626_7,0,1
5799_10,1,1
332_10,1,1
4320_4,0,0
4545_9,1,1
6029_1,0,0
6329_1,0,0
5586_1,0,0
9401_1,0,0
7087_10,0,1
5200_1,0,0
9707_7,0,1
5006_10,0,1
4702_4,1,0
11207_10,1,1
3593_1,0,0
3050_3,0,0
6036_7,0,1
2221_2,0,0
6895_1,0,0
5678_10,1,1
8395_10,1,1
8193_1,0,0
11689_4,0,0
10207_10,1,1
5028_4,0,0
26_3,0,0
11774_10,1,1
59_3,0,0
7339_4,0,0
2141_7,0,1
10647_10,1,1
7703_8,0,1
5904_10,1,1
11952_7,1,1
6355_1,0,0
7465_1,0,0
1244_9,1,1
5129_9,1,1
4015_10,1,1
435_1,0,0
8974_3,1,0
2294_2,0,0
5028_8,0,1
3850_1,0,0
3162_10,1,1
7690_10,1,1
10957_1,0,0
8809_10,0,1
8509_2,0,0
2314_1,0,0
2587_9,1,1
6823_8,1,1
9761_2,0,0
2699_4,0,0
10291_3,0,0
3015_7,1,1
10059_10,0,1
8018_1,0,0
9487_1,0,0
12074_4,0,0
2051_1,0,0
3997_1,0,0
9323_2,0,0
10231_9,1,1
10129_2,0,0
1491_10,0,1
5601_10,0,1
6980_9,1,1
8952_1,0,0
12021_1,0,0
11719_1,0,0
4620_8,0,1
9819_4,0,0
1682_2,0,0
5635_4,0,0
4634_10,1,1
8725_8,1,1
9919_9,0,1
5839_9,0,1
10643_1,0,0
4447_9,0,1
7614_7,0,1
441_4,1,0
1713_1,0,0
507_7,1,1
6592_1,0,0
6378_9,0,1
10206_4,0,0
11627_8,0,1
11991_4,0,0
5759_3,0,0
2655_3,0,0
8628_7,1,1
12364_2,0,0
11107_7,1,1
3166_2,0,0
4168_1,0,0
10876_7,0,1
5609_10,0,1
600_8,0,1
7243_2,0,0
7300_9,1,1
9144_10,0,1
4539_3,0,0
8007_10,1,1
8486_1,0,0
6213_2,0,0
4742_10,0,1
1421_1,0,0
4061_9,0,1
10451_7,1,1
1062_8,1,1
12281_1,0,0
5994_3,0,0
10055_10,0,1
2602_1,0,0
11107_4,0,0
4007_3,0,0
10444_9,1,1
1635_7,1,1
12049_8,1,1
3988_3,0,0
12414_8,0,1
7074_1,0,0
11854_7,1,1
2445_8,1,1
2187_9,0,1
11675_10,0,1
5648_1,0,0
1614_4,0,0
9395_2,0,0
5372_1,0,0
12082_10,1,1
12029_10,1,1
983_4,0,0
11356_3,0,0
4254_10,1,1
6017_4,0,0
2330_10,0,1
1089_1,0,0
8017_3,0,0
5248_1,1,0
9041_8,1,1
3855_1,0,0
10976_1,0,0
7926_4,0,0
7758_4,0,0
8081_7,1,1
9267_4,0,0
6381_9,1,1
6172_4,0,0
12411_8,1,1
5216_10,1,1
10999_8,1,1
2460_1,0,0
7815_7,1,1
8586_7,1,1
21_1,0,0
2467_1,0,0
7979_8,0,1
3744_7,1,1
7205_1,0,0
6862_7,1,1
12031_10,1,1
12458_1,0,0
10410_1,0,0
2624_10,1,1
12083_1,0,0
47_2,0,0
676_7,1,1
5425_10,1,1
1899_2,0,0
9666_1,0,0
3151_10,1,1
1745_8,1,1
7646_8,0,1
10011_9,1,1
10061_10,1,1
6792_9,1,1
5150_3,0,0
593_10,0,1
6170_4,1,0
2029_2,0,0
3026_4,0,0
1086_10,1,1
1594_8,0,1
227_1,0,0
5932_7,0,1
2681_1,0,0
4270_10,1,1
10065_1,0,0
6640_9,1,1
1160_10,0,1
3078_1,0,0
1546_7,1,1
12315_1,0,0
8699_1,0,0
11438_4,0,0
2034_7,0,1
7899_1,0,0
1006_3,0,0
3732_7,0,1
11094_7,0,1
1477_4,0,0
8912_10,0,1
8140_4,1,0
7542_9,1,1
2556_1,1,0
10075_10,1,1
12212_2,0,0
218_10,0,1
8385_1,0,0
5716_2,0,0
11655_10,0,1
6235_1,0,0
2823_10,0,1
7094_2,0,0
465_10,0,1
4968_4,0,0
222_10,0,1
464_4,0,0
2593_10,1,1
11946_3,0,0
6083_1,0,0
8158_3,0,0
2646_3,1,0
8282_4,0,0
12482_2,0,0
1020_7,0,1
7554_10,1,1
4492_2,0,0
4468_4,0,0
7365_8,0,1
9777_9,0,1
9505_3,0,0
10546_1,0,0
2179_7,0,1
9325_9,1,1
9042_10,1,1
7631_2,0,0
1583_2,0,0
10449_2,0,0
8021_9,1,1
9282_9,1,1
5261_9,1,1
9127_8,1,1
6408_2,0,0
7306_1,0,0
2955_4,0,0
6401_10,1,1
278_10,1,1
1954_8,0,1
2592_8,0,1
2040_10,1,1
4779_10,1,1
7274_8,1,1
8094_2,0,0
9359_9,1,1
10732_10,1,1
7824_7,0,1
493_7,0,1
2458_2,0,0
67_3,0,0
1495_1,0,0
2984_1,0,0
9979_4,1,0
2790_1,0,0
8948_1,0,0
4249_1,0,0
5994_10,1,1
5119_2,0,0
6539_2,0,0
12006_2,0,0
555_4,0,0
9508_9,0,1
2282_2,0,0
4119_7,1,1
1224_8,1,1
492_10,1,1
7062_9,1,1
6663_10,1,1
9410_8,1,1
6033_8,1,1
4704_9,1,1
1347_3,0,0
6920_7,1,1
7736_1,1,0
2884_3,0,0
1870_2,0,0
4058_3,0,0
3089_8,1,1
932_9,1,1
5666_10,1,1
5770_1,0,0
10982_10,1,1
5977_1,0,0
7678_2,0,0
7788_10,0,1
6328_1,0,0
5806_10,1,1
595_1,0,0
8235_7,1,1
10822_2,0,0
12353_7,0,1
5381_1,0,0
504_8,0,1
4876_10,1,1
5244_10,0,1
12010_8,1,1
7263_2,0,0
10315_10,1,1
9967_1,0,0
126_10,1,1
3861_1,0,0
10221_8,1,1
7844_3,1,0
10976_8,1,1
9372_8,1,1
5633_2,0,0
3833_4,0,0
5256_8,1,1
8840_1,0,0
2122_10,1,1
4607_4,0,0
12025_9,0,1
10884_9,0,1
2473_10,0,1
12330_8,0,1
6997_3,0,0
4505_9,1,1
1302_8,1,1
4382_3,0,0
9645_8,0,1
4138_2,0,0
2419_1,0,0
3059_8,1,1
8239_9,1,1
105_3,0,0
1129_9,0,1
9065_10,1,1
3249_1,0,0
4864_8,0,1
11748_8,1,1
561_10,1,1
1261_1,0,0
10944_1,0,0
11503_1,0,0
8089_9,0,1
3224_10,1,1
4550_3,0,0
8097_7,1,1
11042_1,0,0
4590_3,0,0
10838_8,1,1
5500_3,0,0
6779_10,1,1
7489_2,0,0
4145_8,1,1
2477_2,0,0
11428_7,0,1
5178_8,1,1
1604_1,0,0
2269_7,1,1
683_2,0,0
12373_10,1,1
12362_10,0,1
1486_9,0,1
4922_1,0,0
5689_8,0,1
11287_9,0,1
4578_4,0,0
361_1,0,0
6750_4,0,0
10004_9,1,1
3649_9,1,1
12485_8,0,1
4867_10,1,1
10463_2,0,0
8449_9,1,1
10573_10,1,1
12488_3,0,0
1649_2,0,0
12064_1,0,0
4892_10,1,1
8877_3,0,0
11816_9,1,1
10235_10,1,1
8204_7,0,1
8608_10,1,1
475_10,1,1
10150_8,0,1
4661_10,0,1
434_8,1,1
10121_10,1,1
438_9,1,1
2866_1,0,0
10667_2,0,0
9575_8,1,1
910_10,1,1
1631_7,1,1
10585_3,0,0
1060_8,0,1
8817_1,0,0
10511_10,1,1
11854_2,0,0
4429_7,1,1
7462_4,0,0
7668_10,1,1
6258_8,1,1
12481_1,0,0
3948_7,1,1
624_10,1,1
6418_8,1,1
4211_7,1,1
10606_1,0,0
3052_1,0,0
12091_8,1,1
5559_10,1,1
6462_8,1,1
6215_1,0,0
10996_1,0,0
1139_10,0,1
11400_8,1,1
10075_3,0,0
9034_4,0,0
8963_7,0,1
622_10,1,1
4570_3,1,0
12242_2,0,0
10595_1,0,0
5524_1,0,0
10074_3,0,0
10761_4,0,0
5215_1,0,0
7480_8,0,1
3940_4,0,0
375_10,0,1
11998_3,0,0
11759_10,1,1
12180_7,0,1
9000_2,0,0
4251_3,0,0
7944_10,1,1
12444_1,0,0
7400_1,0,0
4122_8,1,1
8849_10,1,1
5656_4,0,0
4091_7,1,1
8699_10,0,1
8750_9,0,1
3813_10,0,1
1836_4,0,0
1644_9,1,1
5764_10,1,1
1328_1,0,0
2332_2,1,0
1851_1,0,0
9281_2,0,0
9870_1,0,0
3201_1,0,0
9589_10,0,1
3137_1,0,0
10655_10,0,1
10722_1,0,0
10338_9,1,1
2561_4,0,0
8646_8,0,1
10077_7,1,1
2091_10,1,1
12110_7,1,1
8961_4,0,0
10497_1,0,0
3909_3,0,0
2535_3,0,0
8969_3,1,0
160_10,1,1
10280_4,0,0
5117_1,0,0
2371_4,0,0
12014_10,1,1
8665_8,1,1
5386_3,0,0
1284_1,0,0
6541_7,0,1
6919_4,0,0
7066_10,1,1
1189_3,0,0
247_8,1,1
4144_8,1,1
1788_10,0,1
3875_9,1,1
9484_2,0,0
6650_1,0,0
526_3,0,0
10810_8,0,1
3361_2,0,0
3721_1,0,0
8024_2,0,0
11882_10,0,1
6015_1,0,0
10950_8,0,1
10595_10,0,1
6215_8,1,1
7506_1,0,0
9448_2,0,0
10267_4,0,0
1890_4,0,0
11388_1,0,0
4033_2,0,0
10188_1,0,0
3685_10,1,1
2329_10,0,1
2672_10,1,1
3356_10,0,1
7505_9,1,1
8789_7,1,1
4655_1,0,0
7490_7,0,1
10703_9,0,1
2088_9,0,1
5114_3,0,0
3317_8,0,1
2826_2,0,0
8346_8,1,1
2036_1,0,0
11081_2,0,0
5313_7,1,1
266_4,0,0
7378_7,1,1
7420_2,0,0
9637_8,1,1
8788_2,0,0
4953_2,0,0
8212_9,1,1
10437_9,1,1
9397_1,0,0
4598_10,0,1
2772_10,0,1
83_10,1,1
6217_1,0,0
11725_10,1,1
4380_9,1,1
2974_1,0,0
12363_7,1,1
3246_1,0,0
6087_9,1,1
3419_9,1,1
6587_9,1,1
2450_1,0,0
2475_10,0,1
11551_7,1,1
7614_4,0,0
10136_10,1,1
5844_3,0,0
7473_1,0,0
6772_4,0,0
6253_1,0,0
4036_10,0,1
11948_10,0,1
11435_9,0,1
6106_9,0,1
12271_1,0,0
12030_3,0,0
11640_3,0,0
5589_10,1,1
6352_1,1,0
2523_4,0,0
8198_8,0,1
7283_4,0,0
4330_3,0,0
7882_3,0,0
9815_8,1,1
1714_1,0,0
3836_1,0,0
8618_7,1,1
1759_3,0,0
9317_2,0,0
6186_4,0,0
3779_1,0,0
10096_9,1,1
3277_7,1,1
6023_10,1,1
4863_7,1,1
11194_2,0,0
11227_2,0,0
11983_1,0,0
337_9,1,1
11441_3,0,0
6668_1,0,0
4333_9,0,1
3773_8,0,1
5370_9,1,1
4959_10,0,1
9431_3,1,0
6834_3,0,0
9952_3,0,0
9810_1,0,0
697_4,0,0
4528_3,0,0
5817_1,0,0
9052_7,0,1
11494_8,0,1
4516_1,0,0
2810_9,1,1
1105_10,1,1
6873_2,0,0
8171_10,0,1
9568_10,0,1
879_10,1,1
8493_8,0,1
9437_10,0,1
3841_1,0,0
3852_7,1,1
7414_9,0,1
6048_1,0,0
2921_1,0,0
6752_1,0,0
7997_1,0,0
640_1,0,0
9576_3,0,0
4110_4,0,0
11407_7,0,1
410_10,1,1
11167_10,1,1
8383_10,0,1
392_7,1,1
1459_4,0,0
11929_10,0,1
12362_4,0,0
4046_2,0,0
2597_10,0,1
11246_4,0,0
8692_8,1,1
3986_9,1,1
391_1,0,0
2504_7,0,1
11644_10,1,1
1788_1,0,0
5286_1,0,0
3486_1,1,0
4486_7,0,1
4614_3,1,0
11360_4,0,0
2315_10,1,1
3637_10,0,1
6479_3,1,0
10306_8,1,1
2225_1,0,0
9688_3,0,0
8999_2,0,0
6793_1,0,0
1785_8,0,1
3902_1,0,0
3805_1,0,0
6867_8,0,1
761_2,0,0
9493_4,0,0
4805_4,0,0
583_8,1,1
9470_9,1,1
9859_8,1,1
6633_8,1,1
518_10,0,1
10730_1,0,0
1855_4,0,0
5191_8,1,1
9191_1,0,0
1113_3,0,0
2973_8,1,1
10712_1,0,0
7729_1,0,0
2730_1,0,0
10170_1,0,0
8238_10,1,1
9495_10,1,1
11652_1,1,0
4911_2,0,0
7514_1,0,0
8164_2,0,0
10389_7,1,1
7557_10,1,1
852_4,0,0
1584_1,0,0
2387_2,0,0
6073_4,0,0
7047_10,1,1
6338_7,1,1
1741_4,0,0
3697_1,0,0
5444_2,0,0
10082_1,0,0
6135_4,0,0
9242_8,1,1
7864_8,1,1
3466_2,0,0
9852_9,1,1
12390_7,1,1
5189_9,1,1
6771_9,1,1
223_3,0,0
8322_4,0,0
4465_8,0,1
6597_2,0,0
3477_8,1,1
4736_8,0,1
4581_8,1,1
5898_3,0,0
12335_7,1,1
7321_7,1,1
128_4,0,0
9116_3,0,0
9152_8,1,1
3613_3,0,0
1095_8,1,1
225_10,1,1
12445_10,1,1
596_1,0,0
6693_1,0,0
7535_4,0,0
3135_4,0,0
7435_2,0,0
758_3,0,0
11838_10,1,1
8539_2,0,0
671_8,1,1
53_4,0,0
8718_10,0,1
10447_7,0,1
86_10,1,1
7042_1,0,0
5821_3,0,0
4604_4,0,0
7906_2,0,0
11449_2,0,0
6505_8,0,1
8160_3,0,0
1054_9,1,1
6300_7,1,1
10058_8,0,1
3990_10,1,1
9233_4,0,0
9314_2,0,0
4213_10,0,1
3407_10,1,1
1982_1,0,0
9686_1,0,0
11246_10,0,1
617_4,0,0
12182_1,0,0
5687_1,0,0
1559_2,0,0
3596_7,1,1
4991_10,1,1
3315_8,1,1
1192_1,0,0
1454_8,1,1
9836_3,0,0
8088_4,0,0
1651_2,0,0
4641_10,1,1
10624_1,0,0
2902_2,0,0
10435_7,0,1
11623_2,0,0
1609_1,0,0
2623_1,0,0
4444_8,1,1
12412_3,0,0
8496_1,0,0
4279_8,1,1
9053_10,0,1
11747_3,0,0
9754_4,0,0
1795_2,1,0
6017_10,1,1
8964_7,1,1
1118_7,1,1
11564_7,1,1
9897_1,0,0
7731_1,0,0
7391_2,0,0
6670_7,0,1
8347_1,0,0
5000_4,0,0
3513_1,0,0
9427_4,0,0
6840_1,0,0
9217_9,1,1
5545_8,0,1
9858_10,1,1
1909_2,0,0
8416_10,1,1
11079_3,0,0
4638_4,1,0
324_10,1,1
9126_10,1,1
9069_7,1,1
10555_10,0,1
9626_8,0,1
6629_10,1,1
8419_10,1,1
5437_8,0,1
2463_10,1,1
10540_1,0,0
10579_1,0,0
11517_8,0,1
5306_10,1,1
4996_9,0,1
8251_7,1,1
7382_1,0,0
4284_9,1,1
772_10,1,1
5394_1,0,0
10576_9,0,1
635_8,0,1
9315_2,0,0
9642_4,1,0
7225_10,1,1
1806_3,1,0
4484_1,0,0
4912_10,0,1
4837_10,0,1
11025_10,1,1
1419_10,0,1
8789_4,0,0
1507_1,0,0
6478_1,0,0
7774_1,0,0
7805_10,1,1
11142_10,1,1
3832_10,1,1
1830_3,0,0
2676_4,1,0
1595_1,0,0
8044_9,1,1
8476_1,0,0
5190_8,1,1
4941_2,0,0
10114_8,0,1
11931_3,0,0
11970_10,0,1
5572_1,0,0
32_3,0,0
10026_10,1,1
10554_2,0,0
6440_7,1,1
7636_1,0,0
7973_9,1,1
2920_10,1,1
9531_1,0,0
568_4,0,0
6091_3,0,0
5700_9,0,1
4934_7,0,1
5988_10,1,1
5162_1,0,0
1043_4,0,0
11574_2,0,0
2592_1,0,0
4881_3,1,0
447_10,1,1
6922_8,0,1
9314_10,1,1
10693_10,0,1
257_9,1,1
2090_10,0,1
7826_1,0,0
7851_4,1,0
1606_1,0,0
4446_1,0,0
10655_2,0,0
11116_2,0,0
1631_1,0,0
11696_10,1,1
2114_3,0,0
10728_8,1,1
8006_9,0,1
5963_10,1,1
2094_10,1,1
10113_1,0,0
2832_4,0,0
9600_1,0,0
7776_1,0,0
567_9,1,1
4700_10,0,1
1143_1,0,0
7853_1,0,0
11178_1,0,0
7770_3,0,0
11696_2,0,0
6077_9,1,1
5952_1,0,0
507_1,0,0
11888_3,0,0
7857_3,1,0
1381_7,0,1
5080_2,0,0
9831_10,0,1
7231_1,0,0
6012_3,0,0
6843_4,1,0
7120_1,0,0
9248_1,0,0
5313_4,0,0
8434_2,0,0
10224_2,0,0
7303_10,1,1
1796_8,1,1
9302_4,0,0
2232_4,0,0
5333_3,0,0
1340_3,0,0
5472_2,0,0
1768_3,0,0
3140_1,0,0
6264_3,0,0
6699_8,1,1
2085_7,1,1
5319_4,0,0
7561_4,1,0
992_1,0,0
193_4,0,0
19_10,1,1
6225_8,0,1
933_10,1,1
11245_10,1,1
6152_3,0,0
10163_7,1,1
9382_4,0,0
4655_8,1,1
5195_10,1,1
8989_4,0,0
5309_10,1,1
2183_2,0,0
7597_10,1,1
1272_8,1,1
10107_9,1,1
3067_1,0,0
390_10,1,1
5746_4,0,0
7145_4,0,0
1612_8,1,1
7968_4,1,0
3793_9,1,1
2719_1,0,0
1645_10,0,1
9934_2,0,0
9288_4,0,0
937_4,1,0
10385_1,0,0
3726_1,0,0
2700_10,0,1
11824_1,0,0
4133_10,0,1
9873_2,0,0
8769_1,0,0
11806_10,1,1
903_4,0,0
727_3,1,0
2426_2,0,0
8663_1,0,0
11163_8,1,1
1505_7,0,1
4758_10,1,1
2119_4,0,0
7351_8,0,1
5638_10,1,1
11236_10,0,1
9351_3,0,0
8732_4,0,0
4771_1,0,0
4094_10,0,1
8314_7,1,1
5273_10,1,1
1773_1,0,0
7415_1,0,0
677_1,0,0
5585_1,0,0
1523_10,0,1
6855_1,0,0
6634_9,1,1
3866_2,0,0
7165_3,0,0
7516_7,0,1
2239_8,1,1
1248_8,0,1
6839_8,0,1
2648_10,1,1
5246_9,1,1
9445_1,0,0
4323_4,1,0
4356_10,0,1
9447_4,1,0
4022_3,0,0
6239_3,0,0
447_4,0,0
6717_8,0,1
2470_9,1,1
4816_1,0,0
1682_10,1,1
67_10,1,1
724_10,1,1
7678_9,1,1
2889_4,0,0
7487_9,1,1
1411_4,0,0
7447_8,1,1
3856_1,0,0
4412_10,1,1
8939_2,0,0
3314_9,1,1
2776_1,0,0
7986_8,1,1
12084_10,1,1
9529_10,1,1
11599_7,0,1
11688_3,0,0
11559_1,0,0
5838_2,0,0
6397_4,0,0
3551_4,0,0
5646_10,1,1
7760_2,0,0
4983_7,1,1
3870_1,1,0
5621_9,1,1
8716_9,1,1
2017_10,1,1
579_10,0,1
2659_1,0,0
10364_2,0,0
837_8,1,1
226_4,0,0
4836_1,0,0
11389_3,0,0
5284_2,0,0
4277_4,1,0
3821_10,1,1
6593_8,0,1
5060_7,0,1
5121_8,1,1
3810_7,0,1
3941_8,0,1
12291_1,0,0
1082_1,0,0
931_9,0,1
10202_4,0,0
11004_9,1,1
5243_7,1,1
2861_1,0,0
11992_10,1,1
11358_9,1,1
3996_10,1,1
12434_8,0,1
8310_7,0,1
3894_9,1,1
3021_1,0,0
1652_10,1,1
90_2,1,0
283_1,0,0
9809_8,1,1
2693_2,0,0
5717_1,0,0
6051_9,1,1
4542_1,0,0
5104_8,1,1
10139_10,0,1
6129_1,0,0
859_8,1,1
3107_1,0,0
2595_2,0,0
2676_10,1,1
3634_2,0,0
6953_1,0,0
4430_4,0,0
79_8,1,1
7318_2,0,0
863_4,0,0
6393_3,0,0
6910_3,1,0
4438_9,1,1
4242_9,0,1
5813_4,0,0
203_3,0,0
7333_10,1,1
11658_8,1,1
11206_4,0,0
6208_7,1,1
7273_8,1,1
5518_10,1,1
7092_1,0,0
10508_7,1,1
1196_9,0,1
10037_7,1,1
6468_8,1,1
8502_4,0,0
1017_1,0,0
4_10,1,1
8439_1,0,0
7048_3,0,0
3238_1,0,0
11610_1,0,0
3468_10,1,1
184_3,0,0
12227_7,0,1
4872_3,0,0
11139_10,1,1
4316_7,0,1
3071_1,0,0
335_2,0,0
10847_1,0,0
4646_10,0,1
9382_10,0,1
6577_1,0,0
4549_1,0,0
2459_9,0,1
102_8,1,1
1581_1,0,0
2439_10,0,1
6988_9,0,1
2024_1,0,0
12375_1,0,0
6084_4,0,0
6617_3,0,0
815_3,0,0
1857_1,0,0
7428_1,0,0
5943_8,0,1
11811_10,1,1
10844_1,0,0
1275_7,1,1
1910_1,0,0
3306_8,1,1
4735_1,0,0
10819_1,0,0
9571_2,0,0
1037_10,1,1
7177_4,0,0
5066_10,1,1
4888_2,0,0
10646_2,0,0
7929_1,0,0
5181_1,0,0
1387_1,0,0
1304_8,0,1
2108_1,0,0
9875_10,1,1
10200_1,0,0
11665_9,1,1
6685_1,0,0
10234_9,1,1
6622_9,0,1
9703_7,1,1
7504_8,1,1
1267_3,0,0
902_3,0,0
10674_2,0,0
5237_10,1,1
5270_10,1,1
1701_7,0,1
3222_2,0,0
6116_10,0,1
11543_10,0,1
8189_7,1,1
8737_8,1,1
6856_7,0,1
2035_8,1,1
5011_10,1,1
6135_9,1,1
9172_1,0,0
5822_1,0,0
8816_3,0,0
1124_1,0,0
5422_4,0,0
3275_2,0,0
2076_2,0,0
5223_8,1,1
1814_3,0,0
6171_2,0,0
3228_1,0,0
3693_3,0,0
8891_2,0,0
1171_8,1,1
9496_1,0,0
8702_10,1,1
11287_4,0,0
2157_10,0,1
6058_8,0,1
4025_2,0,0
5097_8,1,1
2335_1,0,0
6945_1,0,0
2970_4,0,0
10473_10,1,1
10139_1,0,0
7680_10,1,1
10705_1,0,0
9883_10,0,1
2808_10,0,1
6543_2,0,0
3482_3,0,0
2547_7,0,1
8378_4,0,0
7746_10,0,1
5007_4,0,0
1623_8,1,1
10762_9,1,1
8604_1,0,0
868_7,0,1
7902_1,0,0
3644_1,0,0
330_1,0,0
2519_7,0,1
716_2,0,0
9908_1,0,0
1410_2,0,0
1154_4,0,0
589_10,1,1
10182_3,0,0
6872_8,1,1
7232_8,1,1
4339_8,0,1
6652_2,0,0
8692_1,0,0
4585_2,1,0
5846_4,0,0
4401_1,0,0
4848_10,0,1
1727_1,0,0
8038_2,0,0
2532_1,0,0
11010_9,1,1
4915_10,1,1
6047_4,0,0
10358_3,0,0
697_10,1,1
7648_7,1,1
5495_4,0,0
6611_2,0,0
12099_8,1,1
1109_1,0,0
6874_1,0,0
8072_4,0,0
11231_10,1,1
10871_7,1,1
9990_10,0,1
645_10,1,1
9345_1,0,0
5298_1,0,0
5971_10,0,1
5079_8,1,1
6022_3,0,0
4954_7,0,1
5063_8,1,1
843_10,0,1
556_7,1,1
1498_1,0,0
9374_7,0,1
8728_1,0,0
8297_10,0,1
5760_10,0,1
7403_10,0,1
964_3,0,0
8842_9,1,1
11552_10,1,1
5592_2,0,0
3531_9,1,1
9383_3,1,0
6576_1,0,0
125_3,0,0
8382_2,0,0
3786_9,1,1
8636_9,1,1
12225_10,1,1
8958_8,1,1
5981_10,1,1
9594_10,0,1
9802_3,0,0
4353_3,0,0
10567_8,1,1
3982_7,0,1
3292_7,0,1
1739_3,0,0
3356_3,0,0
5253_4,0,0
1186_10,1,1
12218_8,0,1
1361_9,1,1
11423_4,0,0
5649_1,0,0
11988_10,0,1
393_7,1,1
8081_2,0,0
10290_1,0,0
5548_1,0,0
2266_3,0,0
341_1,0,0
2081_10,1,1
6268_1,0,0
2267_9,1,1
82_3,0,0
11259_10,1,1
6760_7,1,1
6352_9,1,1
10733_3,0,0
7418_2,0,0
11562_8,1,1
8895_9,1,1
7911_7,1,1
4885_10,1,1
542_4,0,0
6099_7,1,1
5355_1,0,0
3969_1,0,0
11541_4,1,0
6413_1,0,0
3725_7,1,1
11757_1,0,0
7663_1,0,0
3161_3,0,0
9119_10,1,1
7726_3,0,0
1764_8,1,1
7211_7,0,1
8069_4,0,0
7119_2,0,0
1163_10,1,1
5836_2,0,0
1921_8,1,1
892_1,0,0
7629_8,1,1
5605_1,0,0
3955_10,1,1
5093_4,0,0
6366_4,1,0
11267_2,0,0
522_2,0,0
7659_10,1,1
11779_4,1,0
5226_1,0,0
8767_10,1,1
1315_4,0,0
8179_8,1,1
10270_10,1,1
8218_1,1,0
4363_10,0,1
9701_9,0,1
9774_10,1,1
8326_10,1,1
1529_10,1,1
9090_8,1,1
8596_7,1,1
3508_1,0,0
2272_8,1,1
1226_7,1,1
40_8,0,1
1159_1,0,0
11508_1,0,0
2869_8,0,1
4068_1,0,0
7510_1,0,0
2967_3,0,0
8307_10,0,1
9920_8,0,1
9102_1,0,0
3586_4,0,0
2278_10,1,1
9459_9,1,1
3080_10,0,1
8960_1,0,0
11294_8,0,1
5241_1,0,0
4515_10,1,1
5855_7,0,1
12107_2,0,0
6435_2,0,0
5813_10,1,1
12008_1,0,0
1613_10,0,1
9381_9,0,1
4467_10,0,1
1439_8,1,1
1021_2,0,0
2718_1,0,0
11439_8,0,1
10931_10,1,1
4326_10,0,1
6216_1,0,0
10369_4,0,0
1586_7,0,1
1310_2,0,0
293_1,0,0
5968_1,0,0
9338_10,0,1
418_4,0,0
4522_1,0,0
3925_8,0,1
9748_1,0,0
7142_8,1,1
8862_1,0,0
10812_2,0,0
3262_7,1,1
11540_10,1,1
1236_2,0,0
10321_10,1,1
5782_1,0,0
11765_8,1,1
6365_7,0,1
6265_2,0,0
5426_1,0,0
5312_7,0,1
1786_3,0,0
10137_2,0,0
9816_3,0,0
11925_10,0,1
3041_3,0,0
6742_1,0,0
10786_7,0,1
10687_4,0,0
7057_7,0,1
7532_9,0,1
4162_8,1,1
9911_10,0,1
2369_3,0,0
2967_9,1,1
9515_7,0,1
12035_9,1,1
9088_4,1,0
3037_8,0,1
1198_10,0,1
8186_8,0,1
3455_8,1,1
6676_3,0,0
4071_8,1,1
2244_7,1,1
1252_7,1,1
12178_3,0,0
5623_4,0,0
10938_1,0,0
2265_4,0,0
7442_7,0,1
7676_9,1,1
10666_1,0,0
9430_3,0,0
8329_2,0,0
11933_10,1,1
7868_1,0,0
6471_7,1,1
2191_1,0,0
3918_1,0,0
9767_10,1,1
11297_8,1,1
6763_8,1,1
2621_9,1,1
4056_4,0,0
8584_4,0,0
4541_9,1,1
1474_4,0,0
3748_7,0,1
1314_1,0,0
6195_10,1,1
3485_1,0,0
5448_7,0,1
12392_10,1,1
5807_10,1,1
11783_4,0,0
5693_1,0,0
5031_3,0,0
9684_1,0,0
924_10,1,1
12254_3,0,0
277_1,0,0
4384_10,1,1
8288_4,0,0
3056_3,0,0
4683_9,1,1
907_7,1,1
6720_7,1,1
12192_1,0,0
11090_8,0,1
4682_7,0,1
11698_10,0,1
1530_1,0,0
3017_9,1,1
9702_1,0,0
5761_3,0,0
9920_2,0,0
8250_1,0,0
11900_3,0,0
6128_10,0,1
8667_10,1,1
8304_3,0,0
1049_9,1,1
10262_4,0,0
7315_3,0,0
4935_10,1,1
2453_1,0,0
4820_10,0,1
3111_10,1,1
10351_8,1,1
146_1,0,0
6093_9,1,1
7215_10,1,1
6098_9,1,1
2873_10,0,1
2683_10,0,1
6886_9,1,1
4992_8,0,1
1038_1,0,0
988_3,0,0
212_7,0,1
6838_1,0,0
4865_8,0,1
6908_9,1,1
8548_10,0,1
2297_4,0,0
3455_4,0,0
5743_2,0,0
5820_1,0,0
4636_3,0,0
8184_4,0,0
7413_7,1,1
10750_7,1,1
10064_10,1,1
408_3,0,0
10388_10,1,1
8380_4,0,0
8904_2,0,0
10854_10,1,1
11511_10,0,1
259_10,1,1
1580_1,0,0
11775_1,0,0
8674_1,0,0
9540_10,1,1
6177_4,0,0
11074_8,1,1
7191_7,1,1
7496_1,0,0
4424_9,0,1
5733_9,0,1
2887_2,0,0
239_2,0,0
10920_1,0,0
10342_9,1,1
12321_1,0,0
1833_3,0,0
5494_7,0,1
8687_8,0,1
1076_8,1,1
7638_3,0,0
1361_3,1,0
1884_4,0,0
2056_10,1,1
5_4,1,0
1034_10,1,1
4008_8,1,1
4239_4,0,0
7257_4,1,0
9541_8,1,1
5869_1,0,0
1326_4,0,0
936_2,0,0
10473_4,0,0
12413_2,0,0
5934_9,1,1
2419_7,0,1
49_4,0,0
2129_9,1,1
12356_1,0,0
9268_2,0,0
7915_7,1,1
11405_3,0,0
7526_9,1,1
6639_2,0,0
7939_1,0,0
8934_1,0,0
2422_1,0,0
3885_4,0,0
1703_3,0,0
7530_9,1,1
5833_1,0,0
9858_4,0,0
12307_3,0,0
9341_10,0,1
4490_10,1,1
9292_10,1,1
7830_1,0,0
5329_1,0,0
5205_10,0,1
2172_1,0,0
8857_4,0,0
7933_1,0,0
12277_4,1,0
9853_10,1,1
5927_8,1,1
4453_4,0,0
3034_1,0,0
3469_1,0,0
12014_2,0,0
3802_3,0,0
10911_8,1,1
7519_1,0,0
4155_1,0,0
7873_1,0,0
7002_10,1,1
11597_1,0,0
9043_3,0,0
7623_3,0,0
6615_9,1,1
5982_1,0,0
492_1,0,0
7105_1,0,0
7072_8,1,1
7585_3,0,0
114_2,0,0
675_2,0,0
5141_1,0,0
11299_1,0,0
7008_4,0,0
4963_4,0,0
9363_8,0,1
12419_8,0,1
499_2,0,0
4741_1,0,0
3160_10,0,1
4605_7,0,1
7181_4,0,0
2620_3,0,0
7101_7,0,1
3358_8,1,1
11150_3,0,0
11555_3,0,0
11975_2,1,0
44_8,1,1
4699_10,1,1
6042_2,0,0
10368_3,0,0
2409_8,0,1
5933_1,0,0
7460_1,0,0
11653_3,0,0
1699_4,0,0
6189_4,0,0
12263_10,1,1
700_7,0,1
1974_9,0,1
4664_1,0,0
2083_3,0,0
3454_1,0,0
3196_4,1,0
7920_2,0,0
10257_10,1,1
12344_10,0,1
130_9,1,1
315_4,0,0
5923_10,1,1
1234_10,1,1
7402_2,0,0
4634_1,0,0
2558_10,1,1
11220_10,0,1
7652_10,1,1
1070_1,0,0
3018_1,0,0
6365_1,0,0
6081_4,1,0
1015_4,0,0
7071_10,0,1
4682_1,0,0
5242_1,0,0
5125_9,1,1
11299_7,1,1
7445_1,0,0
8206_10,1,1
7878_7,0,1
11630_4,0,0
9391_8,0,1
4755_2,0,0
36_8,1,1
617_9,0,1
987_7,1,1
1185_1,0,0
11135_1,0,0
6457_2,0,0
8337_7,0,1
9931_9,0,1
6932_10,0,1
9504_3,0,0
2333_2,0,0
10397_10,0,1
6200_4,0,0
8004_10,1,1
10818_10,1,1
164_7,0,1
6945_9,0,1
2551_10,1,1
10887_3,0,0
8942_8,1,1
6779_1,0,0
9818_10,1,1
11352_4,0,0
1035_9,1,1
9212_2,0,0
8530_3,0,0
7858_3,1,0
1777_4,0,0
6976_10,1,1
9426_2,0,0
2154_1,0,0
7037_9,0,1
1501_1,0,0
12448_2,0,0
1005_2,0,0
8031_1,0,0
8084_8,1,1
11933_3,0,0
3206_10,1,1
10197_2,0,0
8838_9,0,1
7720_1,0,0
9739_3,0,0
8312_4,0,0
3492_9,0,1
1133_8,1,1
3255_9,1,1
10625_8,1,1
12307_9,0,1
325_10,1,1
4393_10,0,1
8755_2,0,0
2645_4,0,0
10712_8,1,1
10358_7,1,1
10913_1,0,0
8406_7,0,1
12131_8,1,1
8306_7,1,1
8722_9,1,1
6363_3,0,0
6876_10,1,1
10802_8,0,1
6078_2,0,0
4558_8,1,1
643_4,0,0
9956_10,1,1
7267_8,0,1
10491_7,1,1
5105_8,1,1
7213_10,0,1
8442_2,0,0
11035_10,0,1
9961_3,0,0
2616_1,0,0
7666_4,0,0
548_4,0,0
2425_10,1,1
4173_1,0,0
3558_10,1,1
4117_3,0,0
9803_3,0,0
1545_1,0,0
6564_7,1,1
1306_1,0,0
632_1,0,0
3132_8,1,1
5755_2,0,0
5282_1,0,0
5891_10,1,1
3961_7,1,1
4107_1,0,0
2370_8,0,1
1363_1,0,0
5359_9,1,1
759_10,1,1
727_8,1,1
1875_1,0,0
10586_1,0,0
4906_1,0,0
11685_4,0,0
1632_1,0,0
4913_10,1,1
11375_1,0,0
423_10,1,1
5957_9,1,1
9389_1,0,0
10450_7,1,1
4205_1,0,0
2983_1,0,0
7895_1,0,0
2761_4,0,0
3359_1,0,0
687_9,1,1
8150_1,0,0
1647_10,1,1
10920_8,1,1
4813_8,0,1
4628_10,1,1
5738_4,0,0
11255_3,0,0
7801_10,0,1
3258_2,0,0
10513_7,0,1
9358_8,1,1
6864_2,0,0
3038_8,1,1
6928_1,0,0
10277_10,1,1
9231_1,0,0
8098_7,1,1
11550_10,0,1
10233_7,1,1
180_3,0,0
538_8,1,1
4977_9,1,1
11386_3,1,0
1045_3,0,0
61_1,0,0
6907_8,1,1
11368_10,1,1
10_3,0,0
7034_3,0,0
3051_10,0,1
362_9,1,1
8037_7,1,1
11408_4,0,0
8783_7,1,1
1755_10,1,1
3610_3,0,0
1376_3,0,0
4970_9,0,1
7802_9,0,1
4169_1,0,0
2063_4,0,0
2825_10,1,1
10758_10,1,1
10778_2,0,0
979_10,0,1
11700_4,1,0
7848_10,0,1
1294_7,1,1
4806_4,1,0
10159_4,0,0
3461_4,0,0
10312_1,0,0
4297_1,0,0
5081_2,0,0
2156_1,0,0
8417_1,0,0
10182_10,1,1
11732_2,0,0
10078_3,0,0
4772_1,0,0
6187_4,0,0
4219_10,1,1
5208_8,1,1
4935_2,0,0
6528_10,0,1
4080_1,0,0
6147_10,0,1
1352_2,0,0
5675_9,0,1
3024_4,0,0
6930_3,0,0
7005_1,0,0
380_9,0,1
5923_3,0,0
1246_9,1,1
3081_8,1,1
11913_3,0,0
4112_8,1,1
1440_8,1,1
12123_7,0,1
3731_1,0,0
420_10,1,1
5862_1,0,0
10864_7,1,1
3484_1,0,0
9438_4,0,0
7032_10,1,1
7670_2,0,0
5251_9,0,1
5296_7,0,1
9161_7,0,1
6446_4,0,0
11694_8,1,1
1674_9,1,1
8831_10,0,1
11813_10,1,1
3380_1,0,0
8653_10,1,1
10485_1,0,0
3771_9,1,1
5534_1,0,0
2_7,0,1
2334_9,1,1
8327_4,0,0
8552_9,1,1
9117_10,0,1
11953_10,0,1
7015_4,0,0
9649_10,1,1
1701_1,0,0
1946_3,0,0
1536_10,0,1
6419_7,1,1
6619_10,1,1
3715_10,1,1
6001_9,1,1
4555_9,1,1
6367_4,0,0
8350_10,1,1
8376_7,1,1
8231_1,0,0
11595_9,1,1
10372_4,0,0
2711_8,1,1
407_4,0,0
10798_10,0,1
5358_1,0,0
158_1,0,0
6578_7,1,1
217_8,0,1
4535_10,1,1
4887_10,0,1
5595_4,0,0
1837_9,0,1
7723_1,0,0
1935_7,0,1
7357_4,0,0
3293_3,0,0
5176_1,0,0
10930_7,0,1
4618_1,0,0
15_2,0,0
4009_1,0,0
3854_1,0,0
2889_10,1,1
2737_1,0,0
9811_3,0,0
12016_2,0,0
8470_10,0,1
2965_7,1,1
6620_1,0,0
7447_3,0,0
1197_9,1,1
9750_9,1,1
3001_1,0,0
8068_2,0,0
5660_1,0,0
5595_10,1,1
4377_4,0,0
7354_8,0,1
11858_1,0,0
7611_2,0,0
6855_7,1,1
11522_1,0,0
21_9,1,1
3423_9,1,1
2061_8,1,1
5594_10,0,1
6106_3,0,0
9222_1,0,0
2305_3,0,0
12493_4,0,0
8841_9,0,1
3824_8,1,1
703_8,0,1
1638_1,0,0
11339_4,0,0
10173_1,0,0
6481_2,0,0
9468_2,0,0
1830_9,1,1
9940_8,0,1
7768_1,0,0
414_2,0,0
9554_3,0,0
2894_4,0,0
2509_7,1,1
2430_2,0,0
10244_7,1,1
2874_9,0,1
4615_4,0,0
9011_10,1,1
8977_9,0,1
6709_9,0,1
7963_3,0,0
7531_10,1,1
5058_3,0,0
2875_2,0,0
9191_8,1,1
2596_10,1,1
9660_8,1,1
3682_1,0,0
4189_1,0,0
739_10,1,1
836_4,0,0
2422_7,0,1
4318_1,0,0
1443_2,0,0
2782_8,1,1
10260_1,0,0
10624_10,0,1
3288_8,0,1
155_2,0,0
4941_9,1,1
1449_8,1,1
10575_1,0,0
3568_4,0,0
261_9,1,1
10420_9,1,1
4008_1,0,0
4263_9,1,1
11924_4,0,0
11488_7,1,1
1599_1,0,0
11383_10,1,1
1800_9,0,1
9705_10,1,1
10044_8,1,1
471_3,1,0
3494_9,0,1
11492_10,1,1
257_3,0,0
10745_1,0,0
7305_1,0,0
6239_8,1,1
3068_10,1,1
2862_1,0,0
11217_4,0,0
10650_9,1,1
3588_10,1,1
8345_10,0,1
9980_2,0,0
8901_1,0,0
5438_8,1,1
10879_10,1,1
9064_3,0,0
193_9,1,1
470_4,1,0
5128_7,1,1
10542_10,0,1
205_10,1,1
8091_7,1,1
11383_3,0,0
10274_2,0,0
7865_7,1,1
7525_1,0,0
2168_2,0,0
11082_8,1,1
1991_2,0,0
10524_10,1,1
4628_3,0,0
4269_7,1,1
7367_2,0,0
1390_1,0,0
7158_1,1,0
12442_10,1,1
8388_1,0,0
7980_7,0,1
3054_1,0,0
11143_2,0,0
2238_1,0,0
949_3,0,0
42_4,0,0
4093_7,1,1
3657_3,0,0
9812_10,1,1
6879_3,0,0
2189_8,1,1
11804_1,0,0
5280_10,1,1
411_8,0,1
5673_1,0,0
11633_2,0,0
10389_1,0,0
9516_10,1,1
12169_8,1,1
232_7,1,1
6061_4,0,0
6755_8,1,1
2880_10,1,1
4187_7,0,1
4175_7,1,1
11674_3,0,0
10397_1,0,0
4334_10,0,1
7654_10,1,1
1657_9,1,1
2025_2,0,0
2276_4,0,0
1957_10,0,1
11627_4,0,0
11799_4,0,0
10251_10,1,1
1231_4,0,0
8302_8,1,1
12342_7,0,1
8105_3,0,0
3892_4,0,0
8473_9,1,1
448_8,1,1
7317_2,0,0
2074_1,0,0
12249_7,1,1
5467_2,0,0
12109_1,0,0
11511_1,0,0
9476_3,1,0
1170_10,1,1
8970_9,0,1
12308_1,0,0
3101_8,1,1
3066_1,0,0
11519_7,1,1
5314_2,0,0
9160_4,0,0
6512_3,1,0
7836_4,0,0
11429_1,0,0
12043_9,1,1
270_1,0,0
821_1,0,0
4572_10,1,1
11437_1,0,0
4899_3,0,0
8226_9,1,1
5445_9,1,1
2459_2,0,0
12192_7,1,1
5459_9,0,1
7308_7,1,1
11308_1,0,0
4122_3,0,0
144_9,0,1
12145_4,0,0
8511_8,0,1
11319_7,1,1
9257_10,1,1
6737_3,0,0
9327_9,1,1
1246_1,0,0
11239_10,1,1
2915_1,0,0
6019_10,1,1
1151_9,1,1
11796_2,0,0
10400_9,0,1
9599_10,0,1
2283_3,0,0
5474_3,0,0
2670_3,0,0
6_3,1,0
69_4,0,0
11234_10,0,1
6575_10,1,1
9391_1,0,0
12053_1,0,0
1387_8,0,1
2649_9,0,1
9004_4,0,0
8723_1,0,0
11609_1,0,0
9585_2,0,0
2736_1,0,0
6607_2,0,0
11939_2,0,0
2024_8,1,1
1503_8,0,1
10177_10,1,1
10266_1,0,0
547_7,1,1
5272_10,1,1
5204_9,1,1
9369_2,0,0
6273_1,0,0
10825_7,1,1
644_8,0,1
347_1,0,0
12309_1,0,0
5502_10,0,1
7203_1,0,0
8714_2,0,0
713_8,1,1
10289_1,0,0
7666_8,0,1
6753_1,0,0
6350_1,0,0
11232_8,0,1
10551_1,0,0
5967_7,1,1
1049_3,0,0
11238_10,0,1
8043_9,1,1
8751_4,0,0
6514_2,0,0
1461_3,0,0
12137_8,0,1
9884_1,0,0
4652_10,0,1
3169_4,0,0
4138_8,1,1
6125_7,0,1
7298_8,0,1
4602_8,0,1
3523_1,0,0
10990_1,0,0
9278_1,0,0
2614_3,0,0
4762_3,0,0
2557_9,1,1
9390_1,0,0
7144_10,1,1
6655_7,1,1
9806_3,0,0
986_10,1,1
9969_10,1,1
8915_1,0,0
3888_2,0,0
1963_1,0,0
10523_9,0,1
9995_2,0,0
4491_1,0,0
926_10,1,1
5679_7,0,1
5201_8,0,1
9785_3,0,0
337_1,0,0
4129_3,0,0
9231_8,0,1
2058_2,0,0
4801_10,1,1
2116_1,0,0
11539_10,1,1
200_4,0,0
8271_10,1,1
10088_8,0,1
10816_10,1,1
80_7,0,1
9331_7,1,1
3866_9,1,1
4534_3,0,0
8981_9,0,1
510_7,1,1
4980_1,0,0
3336_1,0,0
1934_7,1,1
2815_4,1,0
6606_4,1,0
11802_1,0,0
6312_9,1,1
1914_2,0,0
1970_8,1,1
9791_10,0,1
3721_10,1,1
7947_10,1,1
8009_10,1,1
3370_7,0,1
8943_3,0,0
5873_10,1,1
7379_1,0,0
3585_10,1,1
6934_10,0,1
5841_1,0,0
1354_7,1,1
9215_10,0,1
2668_4,0,0
8441_8,1,1
5255_7,0,1
3649_1,0,0
1169_10,1,1
2366_7,0,1
4229_1,0,0
29_3,1,0
6109_2,0,0
11174_4,0,0
12477_7,0,1
11713_1,0,0
2231_2,0,0
7598_8,1,1
5095_3,0,0
3062_10,1,1
11451_7,1,1
7100_3,0,0
11005_1,0,0
9902_8,1,1
8850_10,0,1
5542_2,0,0
9371_1,0,0
8042_7,1,1
1757_1,0,0
2256_1,0,0
9793_3,0,0
11791_2,0,0
4814_2,0,0
630_7,1,1
10622_10,1,1
5781_1,0,0
7422_10,1,1
10084_10,1,1
9550_9,1,1
11646_8,0,1
110_1,0,0
4811_1,0,0
9559_4,0,0
2755_10,1,1
698_1,0,0
8437_1,0,0
1470_8,1,1
11449_8,0,1
8078_8,1,1
238_1,0,0
4950_10,1,1
10793_7,1,1
8497_10,1,1
9160_9,0,1
8472_1,0,0
1583_8,1,1
2923_3,0,0
9770_4,0,0
10706_2,0,0
4573_2,0,0
11176_10,1,1
616_1,0,0
4574_8,1,1
8465_10,0,1
4049_9,1,1
3707_3,0,0
4398_10,1,1
11727_1,0,0
7244_8,1,1
549_3,1,0
9461_1,0,0
6748_3,0,0
7093_10,1,1
9115_10,1,1
8284_9,1,1
469_8,0,1
1281_9,1,1
2816_3,0,0
11001_7,0,1
6987_2,0,0
5428_3,0,0
5992_10,1,1
2315_1,0,0
7329_7,1,1
3956_1,0,0
11453_1,0,0
726_1,0,0
10517_1,0,0
4494_8,1,1
11980_10,1,1
2926_1,0,0
1671_2,0,0
8291_4,0,0
948_8,0,1
8122_1,0,0
9343_10,0,1
6011_10,0,1
7156_4,0,0
9596_2,0,0
10583_10,1,1
3190_10,1,1
10841_10,1,1
6122_8,0,1
1315_10,1,1
3667_1,0,0
4225_2,0,0
11268_8,1,1
412_7,1,1
4891_10,0,1
4791_10,1,1
4463_2,0,0
3173_7,1,1
2937_8,1,1
9438_10,0,1
9900_9,1,1
424_10,1,1
955_10,1,1
10060_3,0,0
6063_9,1,1
1960_1,0,0
1456_8,1,1
1859_2,0,0
1262_8,1,1
5325_4,0,0
5944_4,0,0
2805_4,0,0
11591_1,0,0
3257_1,0,0
11444_3,0,0
5446_3,0,0
11801_1,0,0
8653_2,0,0
10939_1,0,0
10079_10,1,1
8188_1,0,0
3825_3,0,0
6659_2,0,0
9779_2,0,0
2852_2,0,0
11117_7,1,1
4367_3,1,0
7538_4,0,0
9183_3,0,0
1910_8,1,1
4563_4,0,0
7743_7,1,1
6770_1,0,0
10133_4,0,0
6279_8,1,1
7907_1,0,0
1458_2,0,0
12427_1,0,0
3221_10,0,1
1614_10,1,1
2761_10,0,1
5151_4,0,0
8803_8,1,1
10726_1,0,0
824_8,0,1
12377_10,0,1
3401_3,0,0
3603_7,1,1
3655_4,0,0
9963_3,0,0
4266_1,0,0
1176_4,0,0
959_4,0,0
4494_1,1,0
12381_10,1,1
4603_8,1,1
625_2,0,0
7597_3,0,0
594_9,1,1
10998_10,1,1
5122_10,0,1
9820_10,1,1
2428_1,0,0
10928_1,0,0
9083_2,1,0
8669_1,0,0
9159_9,1,1
4171_10,0,1
7985_8,1,1
4181_1,0,0
4577_8,0,1
910_4,0,0
10673_4,0,0
1530_10,0,1
2436_4,0,0
3934_10,0,1
9273_1,0,0
3188_9,1,1
1826_4,0,0
4777_1,0,0
7449_10,0,1
490_2,0,0
1351_1,0,0
9172_7,0,1
6211_8,1,1
7114_8,0,1
1316_2,0,0
6531_10,0,1
4381_3,0,0
10347_1,0,0
5497_8,1,1
7041_10,1,1
4466_4,0,0
1690_1,0,0
912_1,0,0
10342_1,0,0
6323_4,0,0
3243_1,0,0
9143_1,0,0
7175_3,0,0
1962_7,1,1
11135_7,1,1
8524_1,0,0
10026_3,0,0
3031_4,0,0
1766_2,0,0
6042_10,0,1
3357_7,1,1
11065_10,1,1
11641_9,0,1
4389_2,0,0
10946_1,0,0
6385_10,1,1
5520_4,1,0
8036_8,1,1
4726_4,0,0
1510_8,0,1
11016_8,1,1
893_1,0,0
655_3,0,0
12226_7,0,1
3878_10,1,1
8589_8,0,1
4108_10,0,1
8586_3,0,0
2326_9,1,1
155_8,1,1
11073_7,0,1
1672_10,1,1
1715_8,0,1
10443_7,0,1
9673_1,0,0
10731_9,1,1
4427_3,0,0
422_3,0,0
7121_3,0,0
4415_4,1,0
11599_1,1,0
6015_9,0,1
3470_1,0,0
3951_10,1,1
2665_10,0,1
10295_10,1,1
3220_10,1,1
4748_1,0,0
189_9,1,1
3502_9,0,1
10561_9,1,1
5051_4,1,0
7644_7,0,1
559_4,0,0
3236_1,0,0
9985_9,1,1
3512_7,0,1
10318_1,0,0
3509_1,0,0
7686_10,0,1
8947_8,1,1
6783_10,1,1
9836_10,1,1
971_3,0,0
1127_1,0,0
8953_7,1,1
5763_10,0,1
9147_10,0,1
10688_1,0,0
2148_7,0,1
8997_10,1,1
3094_10,1,1
1152_3,0,0
1907_10,1,1
1845_10,1,1
6852_7,1,1
5573_10,1,1
8709_2,0,0
2882_10,0,1
11230_8,0,1
10124_3,1,0
12361_1,0,0
8117_4,0,0
1192_10,0,1
1657_4,0,0
10319_8,0,1
10954_1,0,0
2048_10,0,1
5763_4,0,0
9491_10,1,1
4081_3,0,0
4877_9,0,1
10981_9,1,1
11440_1,0,0
7608_2,0,0
194_1,0,0
7116_7,0,1
2118_10,1,1
9997_10,1,1
3880_1,0,0
4197_10,0,1
1166_10,0,1
3504_8,1,1
3170_10,1,1
1477_8,1,1
881_8,1,1
10229_2,0,0
9515_1,0,0
6714_7,0,1
8570_8,0,1
6892_10,1,1
8710_10,1,1
9135_10,1,1
10924_10,1,1
5252_4,0,0
6581_10,1,1
8837_10,1,1
3820_1,0,0
9914_3,0,0
3141_1,0,0
7893_1,0,0
306_1,0,0
2527_3,0,0
8148_2,0,0
9778_10,1,1
10438_9,1,1
5230_4,0,0
1691_1,0,0
6124_10,0,1
5256_3,0,0
4294_7,1,1
10575_10,0,1
9610_9,1,1
563_10,0,1
6328_10,1,1
6903_2,0,0
6899_4,0,0
7166_4,0,0
2993_4,0,0
10771_8,1,1
11298_1,0,0
9101_2,0,0
7716_3,0,0
2722_1,0,0
5227_8,1,1
241_1,0,0
192_2,0,0
9006_10,1,1
5505_7,0,1
10822_8,1,1
1046_1,0,0
1865_3,0,0
11845_7,0,1
6675_7,0,1
6240_1,0,0
10392_8,1,1
3405_10,1,1
11919_10,1,1
2294_9,1,1
1097_3,1,0
6888_10,1,1
12373_1,0,0
11785_10,1,1
11805_1,0,0
2328_9,1,1
2636_1,0,0
12359_7,1,1
7733_8,1,1
9877_1,0,0
12266_7,1,1
8274_1,0,0
11727_8,1,1
12389_8,0,1
2464_4,0,0
4930_1,0,0
11304_9,1,1
2140_1,0,0
11168_9,0,1
1772_9,1,1
3857_8,0,1
4559_3,0,0
6986_8,0,1
9647_1,0,0
11714_1,0,0
5436_2,0,0
2736_9,0,1
4499_8,1,1
2701_10,1,1
11604_8,1,1
6133_1,0,0
4151_3,0,0
3978_3,0,0
1973_9,1,1
11752_10,1,1
10192_10,1,1
8318_4,0,0
5685_1,0,0
8978_4,0,0
12289_10,1,1
5603_9,1,1
5209_10,1,1
8360_7,0,1
5690_2,0,0
8463_10,0,1
5304_10,1,1
720_10,1,1
9301_3,0,0
1392_1,0,0
10893_4,0,0
1299_9,0,1
5552_2,0,0
4348_4,0,0
12384_4,0,0
11947_2,0,0
1740_3,0,0
7869_10,1,1
5959_7,0,1
2301_8,1,1
5572_7,1,1
3716_1,0,0
8558_7,0,1
12210_1,0,0
3744_4,1,0
12487_2,0,0
5348_7,1,1
1065_1,0,0
1414_10,1,1
2672_4,0,0
1014_8,0,1
2248_10,1,1
2221_8,1,1
4576_1,0,0
10578_10,1,1
8525_2,0,0
5332_8,0,1
12007_2,0,0
1107_2,0,0
8295_10,1,1
10093_1,0,0
6441_1,0,0
10422_3,0,0
11034_3,0,0
3379_9,0,1
7512_1,0,0
12165_1,0,0
11634_10,0,1
4567_10,1,1
6971_8,1,1
2145_3,1,0
5639_1,0,0
8049_7,1,1
7953_1,0,0
12440_4,0,0
9134_8,1,1
5720_10,1,1
1851_10,1,1
3673_10,0,1
9037_3,0,0
8547_10,1,1
111_10,1,1
5279_9,1,1
2379_9,1,1
6000_10,1,1
990_7,1,1
1519_9,1,1
5987_7,0,1
2959_7,0,1
8898_2,0,0
5746_10,1,1
6268_8,0,1
5449_7,0,1
5561_1,0,0
11470_3,0,0
11837_1,0,0
6761_10,1,1
1590_1,0,0
927_10,1,1
1495_9,1,1
10529_7,1,1
7704_2,0,0
10707_3,0,0
3862_1,0,0
3612_7,1,1
8212_2,0,0
10649_10,1,1
9767_1,0,0
4054_3,0,0
9783_3,0,0
3116_2,0,0
4631_10,1,1
7228_1,0,0
2744_8,0,1
6028_10,1,1
10812_9,1,1
417_10,0,1
11876_10,1,1
946_7,0,1
8265_10,1,1
6833_10,1,1
4150_4,0,0
899_9,0,1
223_10,0,1
7369_3,0,0
5075_8,1,1
6634_1,0,0
3486_8,0,1
11473_1,0,0
3276_10,1,1
3272_2,0,0
2727_3,0,0
4134_7,0,1
5744_3,0,0
8715_1,0,0
4812_1,0,0
6841_1,0,0
6822_1,0,0
3211_4,0,0
5489_2,0,0
1168_1,0,0
3056_9,1,1
4516_10,1,1
9542_1,0,0
4400_10,1,1
2766_10,1,1
6470_8,1,1
5434_1,0,0
1406_4,0,0
11479_8,0,1
9881_10,0,1
10276_1,0,0
2875_8,0,1
1254_2,0,0
8017_10,0,1
9694_10,0,1
9522_1,0,0
11379_2,0,0
7357_10,0,1
6080_9,0,1
2039_10,1,1
7086_8,1,1
4757_10,1,1
2472_10,1,1
9442_1,0,0
12438_10,1,1
747_8,1,1
6786_4,0,0
11942_8,0,1
8611_9,1,1
9240_8,1,1
7411_4,0,0
5196_4,0,0
5709_3,0,0
6758_3,0,0
1933_9,1,1
4464_8,0,1
11100_9,1,1
3636_10,0,1
12328_1,0,0
6783_4,0,0
11381_10,1,1
4509_3,0,0
4775_7,1,1
10633_8,1,1
9161_1,0,0
2277_8,1,1
7402_10,0,1
2713_1,0,0
1312_1,0,0
3633_1,0,0
8943_10,1,1
11734_3,0,0
12120_7,1,1
6285_1,0,0
9296_1,0,0
8696_9,1,1
7243_10,0,1
10135_8,1,1
6094_10,1,1
6962_4,0,0
3916_1,0,0
3650_10,1,1
58_8,1,1
10858_1,0,0
11894_8,1,1
759_1,0,0
10311_1,0,0
1127_10,0,1
6723_7,1,1
4966_7,1,1
7196_4,0,0
6244_1,0,0
9510_10,0,1
3471_10,0,1
9840_2,1,0
11886_9,1,1
7880_10,1,1
6358_10,1,1
6280_2,0,0
2580_3,0,0
122_4,0,0
5713_2,0,0
7187_7,1,1
8601_8,1,1
52_10,1,1
2447_7,1,1
4828_4,0,0
5371_1,0,0
5066_1,0,0
12184_2,1,0
85_2,0,0
10067_7,1,1
3999_9,1,1
11623_10,0,1
10826_4,0,0
3780_1,0,0
10195_1,0,0
7875_4,0,0
8510_4,1,0
9916_2,0,0
10023_4,0,0
6870_8,0,1
4753_9,1,1
11120_7,0,1
2516_10,0,1
1719_10,0,1
4426_4,0,0
7835_7,0,1
5148_7,1,1
2997_7,0,1
2211_7,1,1
626_4,0,0
779_1,0,0
9712_10,1,1
1504_9,0,1
8903_3,0,0
359_7,0,1
7465_7,1,1
10966_2,0,0
8227_2,0,0
10746_2,0,0
10356_1,0,0
12286_1,0,0
11128_7,0,1
12489_3,0,0
1264_1,0,0
3871_10,1,1
9248_10,0,1
3094_4,0,0
7472_9,0,1
3537_2,0,0
9727_2,0,0
5453_8,0,1
2283_10,1,1
7533_2,0,0
6468_1,0,0
12274_9,1,1
10713_3,0,0
8518_7,1,1
1838_10,1,1
5304_1,0,0
4227_1,0,0
5342_9,1,1
1754_8,1,1
4800_1,0,0
10717_3,0,0
1919_1,0,0
6851_7,1,1
322_8,0,1
3028_4,0,0
7463_2,0,0
7999_1,0,0
3036_1,0,0
11154_7,1,1
10501_1,0,0
12272_8,1,1
1738_8,1,1
3242_1,0,0
6178_4,0,0
3405_4,0,0
4663_7,1,1
11348_1,0,0
7304_1,0,0
2962_1,0,0
11701_8,1,1
9354_9,0,1
9846_7,1,1
12496_10,0,1
5652_1,0,0
7371_9,0,1
10131_3,0,0
9826_4,0,0
6141_10,1,1
7472_3,0,0
2622_8,0,1
10281_9,1,1
8668_2,0,0
2348_9,1,1
12047_2,0,0
11373_10,0,1
4254_1,0,0
524_1,0,0
5808_1,0,0
515_1,0,0
6414_9,0,1
8938_8,1,1
12391_8,0,1
776_8,1,1
12197_7,1,1
4582_1,1,0
3638_10,1,1
6338_3,0,0
1165_2,0,0
5574_1,0,0
7319_2,0,0
595_10,1,1
6694_1,0,0
12209_3,0,0
3268_10,1,1
12492_4,0,0
4738_10,1,1
947_3,0,0
7726_10,1,1
94_10,0,1
11760_1,0,0
10978_10,1,1
10072_1,0,0
2346_10,1,1
5008_9,1,1
5135_2,0,0
7979_3,0,0
10863_10,1,1
2862_9,1,1
7562_9,1,1
8023_4,1,0
341_9,1,1
6321_4,0,0
9936_1,0,0
9581_10,1,1
3750_2,0,0
8298_2,0,0
5900_10,1,1
6308_1,0,0
1609_10,0,1
11054_1,0,0
7031_3,0,0
9507_9,1,1
3121_1,0,0
7521_1,0,0
4830_1,0,0
6686_2,0,0
1618_10,0,1
2190_10,1,1
6943_8,1,1
1385_7,1,1
544_8,1,1
3225_10,0,1
1044_3,0,0
11691_7,0,1
6124_3,0,0
7326_1,0,0
1471_10,1,1
5010_1,0,0
2695_9,1,1
1222_2,0,0
1012_8,0,1
5459_1,0,0
4734_1,0,0
3138_8,1,1
5674_7,1,1
6815_1,0,0
8285_10,0,1
5504_10,0,1
6800_4,0,0
5292_10,1,1
5121_1,0,0
9861_1,0,0
2645_10,0,1
9422_7,0,1
5144_1,0,0
3877_9,1,1
7822_8,1,1
3324_2,0,0
5559_3,0,0
9969_3,0,0
2296_2,0,0
10021_9,1,1
11111_1,0,0
1371_1,0,0
4321_9,0,1
9706_7,0,1
11782_1,0,0
141_1,0,0
3106_7,0,1
1817_10,1,1
4508_10,1,1
10922_3,0,0
2304_7,1,1
2229_4,0,0
4283_9,0,1
9087_2,0,0
6003_9,1,1
12126_8,1,1
6067_10,1,1
8714_9,0,1
11932_1,0,0
2293_8,1,1
6184_8,0,1
8448_2,0,0
8269_3,0,0
7495_7,1,1
8282_10,1,1
2351_7,1,1
11688_7,1,1
3805_8,0,1
5158_1,0,0
12476_8,1,1
8265_1,0,0
2194_10,0,1
3465_3,0,0
5234_10,1,1
6903_10,0,1
8085_1,0,0
869_7,1,1
12034_1,0,0
6297_10,0,1
3194_1,0,0
8725_1,0,0
9563_10,0,1
11075_1,0,0
5734_10,0,1
5357_2,0,0
6453_10,1,1
3263_3,0,0
12360_7,1,1
6477_1,0,0
11863_8,1,1
8459_3,0,0
10594_10,1,1
2237_1,0,0
7511_7,0,1
3626_3,0,0
6288_2,0,0
125_7,1,1
3318_7,1,1
5525_7,0,1
9695_1,0,0
5917_8,0,1
8486_7,0,1
6032_3,0,0
7759_9,1,1
3456_10,1,1
1692_3,1,0
2107_3,0,0
11215_2,0,0
1309_7,1,1
6650_8,1,1
5722_9,1,1
4479_4,0,0
347_7,0,1
9399_10,1,1
2475_1,0,0
8229_3,0,0
4869_2,0,0
9691_1,0,0
1227_3,0,0
360_3,0,0
10047_1,0,0
1607_3,0,0
797_1,0,0
9489_2,0,0
1742_7,1,1
10531_3,0,0
4947_1,0,0
10873_8,1,1
1429_7,0,1
10962_3,0,0
3305_4,0,0
12160_8,1,1
9236_1,0,0
3718_1,0,0
3434_8,1,1
10933_8,0,1
798_10,1,1
9879_9,0,1
6644_10,1,1
10978_1,0,0
7867_2,0,0
4369_2,0,0
1251_4,0,0
1500_2,0,0
7574_10,1,1
5470_1,0,0
2407_10,1,1
3451_3,0,0
9385_1,0,0
4078_8,0,1
3229_1,0,0
1786_8,0,1
5173_2,1,0
1211_8,0,1
4303_1,0,0
6011_3,0,0
4513_4,0,0
11745_9,1,1
9675_9,1,1
11981_3,0,0
5977_10,0,1
5023_4,1,0
8704_9,1,1
8644_10,1,1
10557_3,0,0
6549_7,1,1
5557_3,0,0
6402_2,0,0
2642_4,0,0
11796_10,1,1
7102_1,0,0
7968_8,0,1
11764_7,0,1
9415_9,1,1
4817_8,1,1
1007_4,0,0
10943_9,0,1
7280_10,1,1
6068_2,0,0
845_10,0,1
8377_3,0,0
8445_9,1,1
563_4,0,0
8761_9,1,1
1552_1,0,0
9630_1,0,0
6444_7,0,1
3188_1,0,0
2142_4,0,0
2045_10,1,1
2477_10,1,1
2597_1,0,0
3137_8,1,1
1345_1,1,0
8498_7,0,1
6550_4,0,0
9583_9,0,1
7506_7,0,1
9316_7,0,1
11473_10,1,1
3003_10,1,1
8532_7,1,1
5654_1,0,0
822_10,0,1
1312_10,1,1
9665_4,0,0
4442_10,1,1
11758_7,1,1
11185_1,0,0
11588_3,0,0
3366_10,1,1
7050_8,0,1
4778_4,0,0
1_3,0,0
2838_2,0,0
6910_8,0,1
3257_8,1,1
9111_7,0,1
6458_7,1,1
5622_8,1,1
12469_7,1,1
9670_10,1,1
8092_4,0,0
1683_9,0,1
6181_4,0,0
8965_8,1,1
5186_1,0,0
1250_2,0,0
4705_10,1,1
10261_8,1,1
350_4,0,0
12302_3,0,0
776_1,1,0
7424_10,1,1
10383_8,1,1
360_9,1,1
5798_10,1,1
10720_4,0,0
6009_8,1,1
2319_8,1,1
7053_10,0,1
11210_8,0,1
1985_10,1,1
6056_1,0,0
10315_1,0,0
9_4,0,0
6530_4,0,0
1367_10,0,1
4564_2,0,0
4343_10,0,1
654_3,0,0
4857_1,0,0
1377_10,0,1
8072_10,1,1
11433_7,1,1
6586_1,0,0
10255_1,1,0
350_10,1,1
6853_8,0,1
3693_10,1,1
2589_10,0,1
895_1,0,0
6854_7,1,1
1274_2,0,0
9179_8,1,1
10141_8,0,1
10727_9,1,1
1158_7,1,1
9949_3,0,0
7798_10,1,1
5964_7,0,1
11221_10,1,1
3053_3,0,0
8817_9,1,1
5850_2,0,0
9635_3,0,0
5000_10,0,1
10040_2,0,0
3065_1,0,0
2196_1,0,0
12428_7,0,1
8454_1,0,0
11456_10,0,1
5918_4,1,0
10687_7,0,1
10507_7,0,1
9051_8,0,1
6315_4,0,0
11266_10,1,1
5890_3,0,0
6257_8,0,1
2923_8,0,1
2952_1,0,0
7269_8,1,1
1116_1,0,0
11084_1,0,0
10287_1,0,0
5704_9,1,1
11218_8,0,1
12275_2,0,0
1414_4,0,0
7998_4,0,0
3286_1,0,0
2515_1,0,0
851_1,0,0
5181_10,1,1
5358_9,1,1
2677_10,0,1
34_8,1,1
9232_8,0,1
5835_10,0,1
10796_4,0,0
5553_8,1,1
666_4,0,0
9450_1,0,0
10820_8,1,1
7994_10,1,1
8948_9,1,1
3301_2,0,0
2801_1,0,0
4934_2,0,0
1539_10,1,1
10949_4,0,0
4394_10,1,1
4098_8,0,1
1617_7,0,1
9569_3,0,0
8593_1,0,0
3449_1,0,0
8372_1,0,0
815_7,0,1
348_7,0,1
7220_1,0,0
2633_1,0,0
1752_3,0,0
3347_2,0,0
4967_7,1,1
10910_8,0,1
3147_1,0,0
7791_4,0,0
1588_7,0,1
8405_2,0,0
3826_10,0,1
3178_2,0,0
4420_4,0,0
246_2,0,0
8462_7,1,1
8264_3,0,0
2695_3,0,0
7258_4,0,0
5787_8,1,1
11668_2,0,0
5529_4,1,0
8923_2,0,0
4784_1,0,0
7730_1,0,0
4455_4,0,0
6416_1,0,0
87_1,0,0
9548_8,0,1
1285_1,0,0
7695_10,0,1
4364_10,1,1
9394_8,0,1
1253_1,0,0
2481_1,0,0
6790_1,0,0
9989_10,1,1
1483_8,1,1
8772_1,0,0
2993_10,1,1
1801_1,0,0
9434_1,0,0
7938_10,1,1
2262_1,0,0
5076_1,0,0
10994_2,0,0
4749_7,0,1
8309_8,0,1
7031_10,1,1
2711_3,0,0
8655_7,1,1
11329_4,1,0
9076_3,0,0
11647_10,0,1
7934_1,0,0
9114_1,0,0
6510_7,0,1
11487_1,0,0
2348_3,0,0
12325_1,0,0
6405_10,0,1
357_7,1,1
12253_10,1,1
4927_10,1,1
8636_1,0,0
11184_10,1,1
9974_3,0,0
6516_1,0,0
2167_9,0,1
10794_10,1,1
966_4,0,0
10040_10,1,1
5940_9,0,1
9181_8,0,1
2196_8,1,1
6361_4,0,0
4243_9,0,1
581_9,1,1
7195_1,0,0
2986_10,0,1
4344_1,0,0
7176_10,1,1
7857_10,0,1
6487_1,0,0
3692_10,1,1
12198_10,1,1
10569_7,1,1
9850_2,0,0
6415_1,0,0
6373_10,0,1
5103_1,0,0
11048_8,1,1
2055_1,0,0
2920_1,0,0
8667_3,0,0
7059_3,0,0
3887_2,0,0
12356_10,0,1
5402_2,0,0
10274_8,0,1
11831_4,0,0
5375_7,1,1
7875_7,1,1
2733_8,0,1
6420_8,0,1
2240_10,0,1
10627_9,1,1
7319_8,0,1
7782_1,0,0
857_1,0,0
351_4,0,0
9260_10,0,1
6891_10,1,1
8205_10,0,1
1179_3,0,0
9061_4,0,0
3571_9,1,1
11352_9,1,1
11770_10,1,1
10714_2,0,0
5397_3,0,0
2360_1,0,0
9459_4,0,0
7493_1,0,0
6799_10,1,1
2313_8,0,1
7602_10,1,1
1731_10,1,1
8502_10,0,1
5632_1,0,0
3723_10,1,1
6473_3,1,0
3596_3,0,0
8583_7,1,1
10902_1,0,0
1032_1,0,0
2931_1,0,0
9930_3,0,0
11825_10,1,1
5384_10,1,1
2492_4,0,0
5008_4,0,0
7334_4,0,0
10082_8,0,1
1395_1,0,0
8140_7,1,1
2400_8,1,1
11462_2,0,0
6632_10,1,1
11499_3,0,0
5576_1,0,0
1172_7,1,1
3053_8,1,1
4119_1,0,0
8165_2,0,0
8333_8,0,1
2242_1,0,0
6132_1,0,0
12270_9,0,1
11456_4,0,0
6898_1,0,0
2512_2,0,0
7045_7,1,1
2808_4,0,0
6257_4,0,0
1971_7,0,1
10565_10,0,1
930_10,1,1
196_9,1,1
6535_1,0,0
5257_1,0,0
6759_4,0,0
5016_2,0,0
10959_1,0,0
4450_10,1,1
6678_10,1,1
11286_8,1,1
7200_8,1,1
6660_7,1,1
12481_10,1,1
10278_4,0,0
6233_8,1,1
579_1,0,0
8519_3,0,0
1220_10,0,1
2342_10,1,1
1860_1,0,0
7273_3,0,0
4653_2,0,0
6878_4,0,0
502_7,1,1
2406_2,0,0
2021_1,0,0
874_8,1,1
4949_2,0,0
5054_3,0,0
689_7,0,1
9643_7,1,1
6445_3,0,0
2377_9,1,1
6107_8,0,1
10368_8,1,1
10444_1,0,0
5498_1,0,0
1018_7,1,1
2718_9,0,1
2418_2,0,0
7412_7,0,1
213_10,1,1
9417_2,0,0
1194_2,0,0
9366_8,1,1
4769_1,0,0
6667_9,1,1
9361_2,0,0
2182_8,1,1
10677_4,0,0
3931_10,0,1
120_9,1,1
10837_10,1,1
10830_1,0,0
3679_2,0,0
9094_9,1,1
7880_2,0,0
4969_9,1,1
3418_3,0,0
5490_4,0,0
264_10,1,1
1602_10,1,1
5019_9,0,1
12000_9,1,1
10794_4,0,0
2504_3,1,0
12340_4,0,0
7732_2,0,0
2028_1,0,0
3986_4,0,0
5100_10,1,1
2135_1,0,0
10227_7,0,1
4413_1,1,0
5205_2,0,0
45_9,1,1
12151_10,1,1
11055_1,0,0
2632_9,1,1
7047_3,0,0
1915_1,0,0
9666_10,1,1
10027_1,0,0
11024_2,0,0
6482_7,1,1
8060_3,0,0
9876_8,0,1
3839_1,0,0
3682_9,0,1
5962_3,0,0
222_3,0,0
10460_10,1,1
8543_1,0,0
9443_1,0,0
10201_1,1,0
5046_9,1,1
5899_1,0,0
10140_1,0,0
5009_1,0,0
4626_8,1,1
9033_10,1,1
3243_9,1,1
6379_1,0,0
4949_8,1,1
6119_10,1,1
10336_7,1,1
7344_1,0,0
3294_7,1,1
4385_2,0,0
2172_9,1,1
8295_3,0,0
1031_10,1,1
7577_10,1,1
6778_4,0,0
3154_2,0,0
9585_7,1,1
3445_2,0,0
7416_3,0,0
9780_10,1,1
480_10,1,1
837_4,0,0
10166_8,1,1
3695_7,0,1
12417_9,0,1
3932_3,0,0
11790_3,0,0
6917_9,1,1
1975_4,1,0
11249_10,0,1
7366_7,1,1
4579_8,1,1
8415_10,1,1
2004_1,0,0
7599_3,0,0
12259_8,0,1
11005_7,1,1
11914_7,0,1
8498_1,0,0
944_2,0,0
7183_10,1,1
4422_10,1,1
6791_10,1,1
9286_1,0,0
3325_10,1,1
5599_2,0,0
3064_1,0,0
209_4,0,0
1904_10,1,1
10699_3,0,0
577_3,0,0
3157_1,0,0
1582_2,0,0
8044_2,0,0
11208_1,0,0
4708_3,0,0
10439_8,1,1
11083_7,1,1
8066_3,0,0
11327_8,1,1
9224_1,0,0
2165_8,1,1
9892_10,1,1
4402_1,0,0
11804_10,1,1
1296_8,0,1
10562_1,0,0
5003_10,0,1
10448_1,0,0
3274_7,0,1
6344_4,0,0
8129_4,0,0
9525_2,0,0
661_1,0,0
9398_3,0,0
3639_7,1,1
5527_7,1,1
7790_3,0,0
9550_1,0,0
2042_3,0,0
366_1,0,0
8446_3,0,0
7859_1,0,0
5587_3,0,0
10604_3,0,0
5245_1,0,0
804_8,1,1
9098_3,0,0
6240_10,1,1
3960_10,0,1
10536_8,1,1
8793_1,0,0
1586_1,0,0
7131_9,0,1
11338_9,0,1
1053_4,0,0
11170_4,0,0
6806_1,1,0
3741_4,0,0
1231_7,1,1
5499_8,1,1
12452_3,0,0
5331_9,0,1
3302_7,1,1
6214_8,1,1
6908_1,0,0
8510_8,0,1
10522_10,0,1
2844_2,0,0
11797_3,0,0
11237_10,1,1
6762_3,0,0
897_1,0,0
10312_9,1,1
10272_1,0,0
10814_9,0,1
4504_1,0,0
9389_9,0,1
9035_1,0,0
11306_1,0,0
6309_4,0,0
5179_10,0,1
6099_4,0,0
887_8,0,1
10220_10,1,1
286_10,0,1
5809_10,1,1
7725_3,0,0
9722_7,1,1
9104_7,0,1
7313_7,1,1
1706_1,0,0
11737_4,1,0
11203_10,1,1
7767_4,0,0
1822_1,0,0
5113_8,1,1
5456_9,1,1
6005_1,0,0
2026_2,0,0
1379_1,0,0
3048_10,1,1
5070_10,0,1
8985_1,0,0
1643_1,0,0
400_1,0,0
7546_10,0,1
3438_4,0,0
12136_8,0,1
6850_2,0,0
9054_8,1,1
1555_10,1,1
7103_1,0,0
6218_1,0,0
1619_3,0,0
5187_8,0,1
8575_2,0,0
1593_10,1,1
3910_1,0,0
5743_10,0,1
3061_8,0,1
9633_8,1,1
2488_9,1,1
11711_4,0,0
11282_10,1,1
8919_10,1,1
6139_10,0,1
8032_1,0,0
4287_4,0,0
11044_1,0,0
11123_8,1,1
1828_9,1,1
4232_3,0,0
7258_9,1,1
1078_4,0,0
9967_10,0,1
4975_3,0,0
9974_8,1,1
424_2,0,0
7181_9,0,1
10703_3,0,0
3157_10,1,1
11096_10,0,1
2185_10,1,1
2779_4,0,0
9342_1,0,0
3615_8,1,1
6777_10,0,1
5440_8,1,1
706_1,1,0
5909_8,1,1
9578_3,0,0
3393_4,0,0
428_3,0,0
651_9,1,1
12433_8,0,1
8643_4,0,0
5826_10,1,1
4060_1,0,0
3310_8,1,1
8941_3,1,0
11493_7,1,1
7896_8,1,1
541_7,1,1
10614_1,0,0
3751_1,0,0
7851_8,1,1
5940_1,0,0
911_1,0,0
1233_1,0,0
4995_1,0,0
2771_9,0,1
5085_8,1,1
6521_8,1,1
8106_3,0,0
2962_7,0,1
1621_9,1,1
4981_8,0,1
11884_2,0,0
6038_10,0,1
7118_10,0,1
10365_1,0,0
677_9,1,1
95_10,1,1
8211_3,0,0
11906_8,1,1
3038_2,0,0
10503_1,0,0
11260_4,0,0
11333_3,0,0
6954_10,1,1
143_8,1,1
6458_3,0,0
8784_2,0,0
2604_1,0,0
4374_9,1,1
1323_3,0,0
2647_2,0,0
363_3,0,0
7556_1,0,0
11101_4,0,0
8945_7,1,1
10630_4,0,0
11174_8,1,1
7927_3,0,0
8433_1,0,0
8814_1,0,0
11746_8,1,1
2462_10,1,1
10036_1,0,0
10628_1,0,0
4782_1,0,0
11244_8,0,1
4815_1,0,0
6974_7,1,1
10180_1,0,0
3538_1,0,0
9319_9,0,1
3542_2,0,0
5583_1,0,0
215_8,1,1
6949_1,0,0
11401_10,1,1
3468_4,0,0
9478_7,1,1
12368_2,0,0
7534_4,0,0
9256_2,0,0
2192_10,1,1
10617_3,0,0
1464_1,0,0
969_4,0,0
702_7,1,1
470_10,1,1
2575_1,0,0
3059_2,0,0
7229_3,0,0
7437_3,0,0
2560_7,1,1
8444_4,0,0
1900_4,1,0
9057_4,1,0
10101_4,0,0
4914_2,0,0
11896_4,0,0
10430_1,0,0
786_3,0,0
9834_1,0,0
2040_1,0,0
1435_3,0,0
168_8,1,1
6504_9,1,1
3677_1,0,0
3652_10,1,1
9821_10,1,1
8695_8,1,1
5728_10,0,1
2856_8,1,1
11548_3,0,0
9435_7,1,1
7910_2,0,0
4658_7,0,1
10111_1,0,0
12306_1,0,0
6380_9,1,1
3507_10,1,1
11085_7,0,1
4268_8,1,1
1702_2,0,0
3045_9,1,1
3338_2,0,0
9288_8,1,1
1580_8,0,1
11976_10,0,1
9216_1,0,0
2015_10,1,1
7665_2,1,0
10545_2,0,0
3819_4,0,0
8005_10,1,1
772_1,0,0
3882_3,0,0
9001_8,1,1
3000_1,0,0
3357_4,0,0
2559_4,0,0
2178_4,0,0
2249_9,1,1
9616_10,1,1
11797_9,1,1
9061_10,0,1
10994_10,1,1
1076_3,0,0
10774_2,0,0
10983_10,1,1
9271_10,1,1
3205_9,0,1
4987_4,0,0
10926_1,0,0
9150_8,0,1
614_2,0,0
12332_4,0,0
9100_2,0,0
10499_8,0,1
6143_9,1,1
4113_8,1,1
4705_4,0,0
3115_1,0,0
1041_2,0,0
11601_9,1,1
11045_8,0,1
10615_8,0,1
7631_7,0,1
11829_3,0,0
6941_1,0,0
112_10,1,1
4220_8,0,1
2812_10,1,1
10221_2,0,0
1944_9,1,1
5866_8,0,1
11615_1,0,0
3066_10,1,1
5757_3,0,0
10569_1,0,0
10633_3,0,0
58_3,0,0
1126_10,0,1
4357_10,0,1
6768_4,1,0
11354_10,1,1
6412_10,1,1
7547_1,0,0
5198_10,1,1
5697_3,0,0
9757_3,0,0
8034_3,0,0
8612_8,1,1
8691_7,1,1
6731_3,0,0
12190_1,0,0
3180_1,0,0
11068_10,1,1
3752_4,0,0
1995_3,0,0
5517_10,1,1
6532_9,0,1
4435_1,0,0
5527_4,0,0
5059_4,0,0
12044_4,0,0
3479_3,0,0
8399_8,1,1
8897_7,1,1
8342_9,1,1
7018_3,0,0
2497_7,0,1
10152_1,0,0
11583_4,0,0
3156_10,0,1
5259_4,0,0
2581_1,0,0
5224_7,1,1
9024_3,0,0
8026_10,1,1
9588_3,0,0
11001_1,0,0
6432_9,1,1
8524_9,1,1
12457_3,0,0
8426_8,1,1
11355_10,1,1
10337_1,0,0
11911_3,0,0
2655_10,0,1
4265_3,0,0
6542_3,0,0
9681_1,0,0
287_8,1,1
1864_1,0,0
7655_4,0,0
3613_7,1,1
11041_1,1,0
12070_8,1,1
10856_10,1,1
7365_4,0,0
10025_8,1,1
4693_10,1,1
9580_7,1,1
4669_2,0,0
274_9,1,1
1570_2,0,0
11040_8,0,1
2243_7,0,1
7043_10,0,1
3719_2,0,0
7635_7,0,1
2327_2,0,0
4229_9,0,1
4121_3,0,0
6064_1,0,0
364_10,1,1
1161_10,1,1
463_1,0,0
9291_4,0,0
8827_1,0,0
2292_1,0,0
6935_9,0,1
9226_1,0,0
7612_4,0,0
8575_7,0,1
3475_1,0,0
1880_7,0,1
7265_7,1,1
8626_1,0,0
733_1,0,0
12100_10,1,1
1069_10,1,1
11364_10,0,1
5496_1,0,0
7253_1,0,0
3159_1,0,0
9131_10,1,1
413_4,0,0
10818_1,0,0
479_3,1,0
173_7,0,1
9522_10,1,1
333_10,1,1
2819_1,0,0
5723_8,0,1
99_10,1,1
7247_4,0,0
4711_9,0,1
8555_3,0,0
6330_10,1,1
8921_1,0,0
803_10,0,1
6219_1,0,0
10077_3,0,0
1274_7,1,1
2307_3,0,0
8114_8,0,1
1503_1,0,0
2004_10,0,1
712_3,0,0
557_4,0,0
9651_8,1,1
11701_4,0,0
6325_9,0,1
1684_1,0,0
1435_10,1,1
5754_10,0,1
12098_10,0,1
3707_10,1,1
2521_1,0,0
1793_1,0,0
2725_3,0,0
5051_8,1,1
2691_7,1,1
4111_10,1,1
3239_3,0,0
8124_8,1,1
4990_4,0,0
9565_9,1,1
6657_3,0,0
5882_4,0,0
8571_1,0,0
6815_10,1,1
487_10,0,1
11567_9,1,1
10631_1,0,0
7070_2,0,0
8708_10,1,1
1889_4,0,0
1838_3,0,0
6383_3,0,0
4735_9,0,1
11430_7,0,1
11590_1,0,0
11023_3,0,0
10870_8,1,1
6734_10,1,1
10174_1,0,0
7905_10,1,1
9555_4,1,0
6303_9,1,1
1426_1,0,0
5482_8,1,1
7605_2,0,0
10249_1,0,0
2466_1,0,0
4055_1,0,0
9839_8,0,1
3953_9,1,1
6563_4,0,0
10776_4,0,0
7596_2,0,0
10490_9,1,1
3800_1,0,0
10669_1,0,0
6276_8,1,1
3110_1,0,0
12434_1,0,0
10189_1,0,0
10639_4,0,0
7734_1,0,0
8763_4,0,0
2702_1,0,0
10179_1,0,0
2317_7,0,1
4677_8,1,1
11805_7,1,1
1339_2,0,0
9919_4,1,0
1425_8,1,1
3926_7,1,1
12395_10,0,1
6284_4,0,0
11069_1,0,0
4998_10,1,1
8055_2,0,0
9179_3,0,0
11577_10,0,1
1480_1,0,0
4561_10,1,1
4698_10,1,1
9312_1,0,0
6561_4,0,0
8353_10,1,1
11580_3,0,0
10536_2,0,0
957_10,1,1
1768_8,1,1
12197_1,0,0
11459_10,0,1
2271_3,0,0
6973_1,0,0
4199_8,1,1
6582_8,0,1
5843_1,0,0
4140_9,1,1
11105_3,0,0
2395_3,1,0
10715_9,1,1
6611_7,1,1
2043_7,0,1
2884_9,1,1
4946_8,0,1
9642_7,1,1
5211_1,0,0
10661_9,1,1
4368_10,1,1
12086_4,0,0
6465_8,1,1
4706_1,0,0
4694_10,1,1
12150_10,1,1
208_3,0,0
2587_3,0,0
2804_3,0,0
2837_3,0,0
11070_1,0,0
11909_4,0,0
9945_10,0,1
9281_9,0,1
8458_2,0,0
9882_2,0,0
172_7,1,1
7632_2,0,0
12246_9,0,1
3889_1,0,0
11140_4,0,0
5240_9,1,1
7965_4,1,0
3387_3,0,0
10817_4,0,0
3332_10,1,1
1156_9,1,1
6585_1,0,0
7931_3,0,0
8268_4,0,0
6443_10,0,1
373_10,0,1
5912_4,0,0
11475_7,0,1
10738_4,0,0
11175_10,1,1
9008_2,0,0
2218_3,0,0
585_10,0,1
3448_2,0,0
3860_8,1,1
8335_7,0,1
1907_1,0,0
9169_9,0,1
10375_8,1,1
10432_4,0,0
11399_1,0,0
3430_7,1,1
2859_4,0,0
3899_10,1,1
9648_8,1,1
9233_8,0,1
10574_10,1,1
3489_4,1,0
8115_8,0,1
11495_8,1,1
6885_7,0,1
1534_10,0,1
11721_9,1,1
11610_10,0,1
2712_8,0,1
3140_10,1,1
4880_10,1,1
1592_10,1,1
425_10,1,1
5798_1,0,0
2212_8,1,1
2685_3,0,0
9625_2,0,0
8492_7,0,1
4932_3,0,0
1704_3,0,0
301_4,0,0
2599_10,0,1
2364_4,0,0
2323_3,0,0
1885_8,0,1
1232_1,0,0
12055_1,0,0
2894_10,1,1
5347_3,0,0
1799_4,0,0
7460_9,0,1
8798_10,1,1
2134_4,0,0
2964_2,0,0
345_3,0,0
2670_8,1,1
10282_10,1,1
5587_8,1,1
6115_2,0,0
6974_1,0,0
8500_10,0,1
5073_8,0,1
5291_8,1,1
11728_7,1,1
3207_4,0,0
2553_8,1,1
10896_10,1,1
9321_2,0,0
1484_4,0,0
2106_2,0,0
5487_4,0,0
4835_10,1,1
1023_3,1,0
11524_10,1,1
10672_7,1,1
9769_3,0,0
590_7,1,1
11530_3,0,0
349_2,0,0
2165_4,0,0
1574_9,1,1
2792_1,0,0
980_2,0,0
5745_7,0,1
4323_7,0,1
11569_7,0,1
3637_1,0,0
4511_1,1,0
8404_10,1,1
8947_4,1,0
12317_10,1,1
3927_4,0,0
461_8,1,1
11651_2,0,0
7697_4,0,0
7799_10,1,1
2111_8,1,1
9745_7,1,1
4419_4,0,0
9337_4,0,0
3908_10,1,1
9211_3,0,0
489_1,0,0
9229_8,0,1
381_1,0,0
1355_7,1,1
12100_1,0,0
6126_4,0,0
8315_8,1,1
7513_10,0,1
5547_1,0,0
8050_1,0,0
7332_1,0,0
9044_8,1,1
8491_1,0,0
1919_8,1,1
4076_7,0,1
9251_2,0,0
7325_10,1,1
177_8,1,1
8104_4,0,0
919_4,0,0
9417_8,1,1
9440_9,1,1
11105_9,1,1
7670_10,1,1
7404_8,0,1
5120_2,0,0
10153_1,0,0
1763_10,0,1
9316_4,1,0
6396_8,1,1
8865_10,1,1
4552_8,0,1
874_4,0,0
6690_2,0,0
11970_3,0,0
1202_4,0,0
6024_1,0,0
10117_9,1,1
9511_1,0,0
2314_10,0,1
6053_3,0,0
10165_2,0,0
8410_2,0,0
1457_1,0,0
9651_3,0,0
537_2,0,0
7191_3,1,0
10258_8,1,1
4774_8,0,1
3560_8,1,1
5960_1,0,0
881_4,0,0
2420_1,0,0
4959_4,0,0
7138_1,0,0
9317_10,0,1
5454_4,0,0
7450_9,0,1
9679_10,1,1
10988_3,0,0
2932_3,0,0
10110_1,0,0
9165_2,0,0
11712_2,0,0
8979_1,0,0
12426_3,0,0
1630_7,1,1
11990_10,0,1
5395_10,1,1
896_1,0,0
11463_9,0,1
7096_1,0,0
6198_10,0,1
8141_10,1,1
2650_10,0,1
12337_9,1,1
1995_10,1,1
6349_1,0,0
12270_2,0,0
12494_2,0,0
7081_4,1,0
3010_7,0,1
2924_2,0,0
3185_10,0,1
1377_2,1,0
4858_3,0,0
4351_3,0,0
6865_2,0,0
9527_3,0,0
6223_7,1,1
11598_4,0,0
10605_1,0,0
4609_2,0,0
3736_7,1,1
5615_1,0,0
11109_7,0,1
3924_3,0,0
7452_1,1,0
4288_8,1,1
8825_2,1,0
3168_7,1,1
6407_1,0,0
7016_3,0,0
129_1,0,0
9808_3,0,0
5620_10,1,1
6404_10,1,1
10781_1,0,0
2446_1,0,0
2191_10,1,1
10848_1,0,0
11201_10,1,1
6818_9,0,1
4607_7,1,1
2410_7,0,1
9656_9,1,1
7841_7,1,1
11422_7,0,1
7376_8,0,1
10804_8,1,1
11793_7,0,1
509_7,0,1
12459_10,1,1
354_10,0,1
2740_10,0,1
1469_1,0,0
9219_10,1,1
7248_7,1,1
5620_1,0,0
12160_1,0,0
6037_10,1,1
8338_1,0,0
1954_1,0,0
6996_9,1,1
9888_8,1,1
5470_7,1,1
11915_4,0,0
7057_4,1,0
10320_10,0,1
4447_3,0,0
9711_9,0,1
5077_3,0,0
10912_4,0,0
3224_3,0,0
9946_7,0,1
10650_4,0,0
9613_1,0,0
4909_3,0,0
5607_8,1,1
3315_1,0,0
9271_1,0,0
4248_4,0,0
5849_4,0,0
3944_1,0,0
3580_10,1,1
4592_1,0,0
6375_10,0,1
5955_9,1,1
11613_7,1,1
8278_10,1,1
11339_9,1,1
6813_2,0,0
3747_3,0,0
5916_1,0,0
3298_1,0,0
11303_1,0,0
5758_7,1,1
11652_9,1,1
8748_2,0,0
11092_2,0,0
8729_8,1,1
6332_4,0,0
3700_10,1,1
10507_2,0,0
2287_4,0,0
10549_10,1,1
3005_10,1,1
5657_1,0,0
873_8,1,1
2274_1,0,0
3208_4,0,0
2663_10,0,1
8134_7,0,1
7443_1,0,0
7507_8,1,1
1423_1,0,0
4014_1,0,0
9662_1,0,0
2512_9,1,1
8415_2,0,0
7672_3,0,0
5925_1,0,0
2654_2,0,0
1780_10,0,1
8813_9,1,1
9378_7,1,1
12120_3,0,0
8985_7,1,1
5771_3,0,0
7305_10,1,1
8681_4,0,0
7415_10,0,1
9346_8,1,1
9750_3,0,0
9083_9,1,1
12255_2,0,0
5035_1,0,0
12384_10,0,1
8381_4,0,0
825_1,0,0
2034_1,0,0
439_10,1,1
5753_10,0,1
10370_10,1,1
3395_2,0,0
8101_2,0,0
7885_1,0,0
3266_2,0,0
4623_4,0,0
8123_9,0,1
1787_1,0,0
4001_4,0,0
3530_2,0,0
684_1,0,0
744_10,0,1
8439_7,1,1
8678_9,1,1
11851_8,1,1
1237_2,0,0
4557_3,0,0
1847_10,1,1
4002_1,0,0
1620_1,1,0
549_10,1,1
4984_4,1,0
4673_8,0,1
1373_1,0,0
6927_1,0,0
9201_2,0,0
4293_7,1,1
826_3,0,0
6337_1,0,0
9978_9,0,1
11379_10,1,1
3874_1,0,0
9943_1,0,0
7236_4,0,0
7816_1,0,0
3849_8,1,1
1167_10,0,1
9667_3,0,0
2506_1,0,0
1372_10,1,1
6788_9,1,1
4792_2,0,0
7909_2,0,0
2213_2,0,0
434_1,0,0
9245_1,0,0
5822_10,1,1
5406_1,0,0
2011_1,0,0
6805_10,1,1
2557_2,0,0
4343_1,0,0
1493_4,0,0
947_8,0,1
9494_7,1,1
10228_10,0,1
707_10,0,1
2018_10,1,1
11093_10,1,1
11113_10,1,1
11596_1,0,0
7453_1,0,0
9045_8,1,1
12264_7,1,1
7271_9,1,1
4560_1,1,0
11223_1,0,0
3939_7,1,1
2714_2,0,0
1940_9,0,1
3640_10,1,1
1724_1,0,0
5383_3,0,0
7323_10,0,1
7345_4,0,0
775_9,1,1
11995_1,0,0
400_10,1,1
10279_4,0,0
673_8,1,1
4168_10,0,1
11761_7,0,1
491_9,0,1
11472_1,0,0
10045_7,1,1
9449_4,0,0
12496_3,0,0
12422_1,0,0
8159_4,1,0
8668_8,1,1
7572_10,1,1
6696_9,1,1
64_10,1,1
2715_1,0,0
9333_4,0,0
3722_10,1,1
5692_8,0,1
10074_7,0,1
1717_3,0,0
825_8,1,1
7796_10,1,1
5550_3,0,0
6114_10,0,1
4440_8,1,1
9616_4,0,0
12090_8,1,1
10728_1,0,0
4419_10,1,1
282_1,0,0
4825_9,1,1
91_10,1,1
10399_2,0,0
6773_4,0,0
1364_10,1,1
2806_9,0,1
4520_2,0,0
8211_9,1,1
3594_2,0,0
11353_4,0,0
307_1,0,0
10963_4,0,0
4023_7,0,1
11450_10,0,1
3567_4,0,0
4751_7,1,1
9798_2,0,0
1864_8,1,1
3168_2,0,0
6506_2,0,0
12484_2,0,0
11999_8,0,1
3571_3,0,0
147_10,1,1
6691_9,1,1
11295_8,1,1
9344_10,1,1
9513_2,0,0
11066_7,1,1
4330_8,0,1
5194_10,1,1
11676_1,0,0
4587_1,0,0
11964_4,0,0
12456_1,0,0
6054_10,1,1
2140_7,1,1
1388_1,0,0
10681_2,0,0
4614_8,1,1
2604_7,0,1
4234_1,0,0
4261_8,1,1
4907_8,1,1
4134_4,0,0
4125_8,0,1
3795_9,0,1
1356_4,0,0
10711_2,0,0
4728_7,0,1
8254_8,1,1
10769_2,0,0
7185_8,1,1
2842_9,0,1
4565_1,0,0
3030_9,1,1
2997_1,0,0
1311_9,0,1
12499_10,0,1
9830_10,1,1
1774_4,0,0
6676_10,1,1
6502_9,1,1
1521_1,0,0
4253_1,0,0
2775_2,0,0
7324_4,0,0
1207_4,0,0
9903_7,1,1
3195_2,0,0
9213_10,0,1
7751_1,0,0
1616_8,0,1
1482_10,1,1
6772_7,0,1
2008_10,1,1
6799_4,0,0
5004_9,1,1
3487_2,0,0
10892_4,0,0
10839_4,0,0
922_8,1,1
4163_1,0,0
10738_8,0,1
10678_7,1,1
5892_10,1,1
6202_1,0,0
5792_10,1,1
12161_4,0,0
1097_9,1,1
2930_3,0,0
4087_3,0,0
11875_3,0,0
11770_4,0,0
847_7,0,1
10620_9,0,1
1455_10,1,1
12294_1,0,0
5653_10,1,1
1874_9,0,1
10487_3,0,0
22_3,0,0
2760_1,0,0
9822_7,0,1
1068_10,1,1
11117_1,0,0
10409_2,1,0
1877_7,0,1
7347_1,0,0
4231_1,0,0
1122_1,0,0
933_3,0,0
11883_4,0,0
8386_10,0,1
12297_7,0,1
11847_8,1,1
5511_1,0,0
9587_2,0,0
10027_8,1,1
7210_4,0,0
2490_9,0,1
4889_10,1,1
8192_9,1,1
12133_1,0,0
2098_1,0,0
2941_9,0,1
5742_3,0,0
10645_4,0,0
1162_10,1,1
4383_10,1,1
5325_8,1,1
1324_1,0,0
1374_1,0,0
116_10,0,1
2898_10,0,1
8799_10,1,1
6654_10,0,1
8630_1,0,0
3452_7,1,1
3609_8,1,1
4740_1,0,0
8368_10,1,1
11960_7,1,1
3583_10,0,1
1581_8,0,1
1378_1,0,0
968_2,0,0
4524_1,0,0
5036_8,1,1
12287_3,0,0
9236_10,0,1
5447_3,0,0
11016_1,0,0
1935_3,0,0
5300_7,1,1
7775_2,0,0
4398_3,0,0
5692_2,0,0
3517_8,0,1
6007_1,0,0
10127_2,0,0
6614_10,0,1
2767_10,0,1
3187_2,0,0
6473_10,0,1
12263_1,0,0
10838_2,0,0
7367_9,0,1
8873_10,1,1
6016_1,0,0
10363_7,1,1
3541_2,0,0
6416_10,1,1
4538_10,0,1
56_3,0,0
7946_8,0,1
6003_4,0,0
974_4,0,0
11651_9,0,1
10283_1,0,0
12334_2,0,0
972_1,0,0
1513_8,0,1
6141_3,0,0
4195_7,0,1
10176_9,1,1
1918_2,0,0
12117_1,0,0
7567_1,0,0
2949_10,1,1
11937_9,1,1
8513_2,0,0
3913_8,0,1
1310_8,1,1
10461_10,1,1
3309_8,1,1
862_9,1,1
4040_2,0,0
78_8,0,1
3491_7,0,1
10862_9,1,1
4763_7,0,1
7421_1,0,0
5350_1,0,0
11491_10,1,1
9975_4,0,0
10123_10,1,1
11573_1,0,0
2337_9,1,1
251_8,0,1
1942_1,0,0
2940_7,0,1
4342_7,0,1
11250_2,0,0
4224_1,0,0
10106_10,0,1
7764_2,0,0
937_10,1,1
3112_10,0,1
9922_8,0,1
3259_7,0,1
7828_1,0,0
4031_7,0,1
1277_7,1,1
3162_2,0,0
7_9,1,1
1832_4,0,0
10997_1,0,0
10572_10,1,1
12194_1,0,0
4648_10,0,1
7207_9,0,1
11000_7,1,1
4943_2,0,0
10601_10,1,1
4731_1,0,0
9272_8,0,1
11551_1,0,0
9074_3,0,0
2486_3,0,0
618_1,0,0
8683_8,1,1
2618_10,0,1
8471_9,1,1
6394_4,0,0
6456_2,0,0
3195_8,1,1
4188_1,0,0
3985_10,1,1
7099_10,0,1
1558_2,0,0
2877_8,0,1
3928_1,0,0
7206_3,0,0
8088_10,0,1
8167_10,1,1
8590_8,1,1
6973_7,1,1
4974_7,1,1
10151_1,0,0
5268_4,0,0
5258_7,1,1
1478_8,0,1
5094_10,1,1
10126_4,0,0
9357_2,0,0
7750_3,0,0
11628_3,0,0
9124_7,1,1
1802_7,1,1
4820_4,0,0
10019_8,1,1
154_9,1,1
5049_4,0,0
4372_1,0,0
7807_10,1,1
5127_10,0,1
11480_2,0,0
10145_1,0,0
7090_10,1,1
1288_1,0,0
11316_2,0,0
8428_9,0,1
1843_9,1,1
1916_1,0,0
2657_2,0,0
10504_1,0,0
11621_3,0,0
10148_1,0,0
3339_4,0,0
8202_2,0,0
7796_1,0,0
4625_2,0,0
11859_4,0,0
8261_1,0,0
4670_3,0,0
8412_10,1,1
1010_1,0,0
436_10,1,1
9351_7,0,1
3767_8,0,1
4794_1,0,0
8447_10,0,1
6182_2,0,0
8754_3,1,0
2709_3,0,0
5882_9,1,1
6916_3,1,0
11886_1,1,0
123_4,0,0
2827_9,1,1
11440_8,0,1
4100_8,1,1
11645_1,0,0
7949_10,1,1
2017_1,0,0
3451_7,1,1
10986_10,0,1
1541_2,0,0
12336_7,0,1
9787_1,0,0
5282_10,1,1
9568_4,0,0
8222_1,0,0
5415_9,1,1
8485_8,0,1
6449_1,0,0
466_1,0,0
11997_1,0,0
6144_10,1,1
3309_4,0,0
8655_1,0,0
10141_1,0,0
7469_10,1,1
4445_10,1,1
6651_7,1,1
6711_7,0,1
3329_4,0,0
8000_10,0,1
2279_8,1,1
5012_7,0,1
2437_3,0,0
505_9,1,1
9070_10,0,1
1234_3,0,0
4880_1,0,0
3981_4,1,0
134_1,0,0
3211_10,1,1
2559_10,0,1
4512_3,0,0
5957_1,0,0
11626_9,1,1
915_10,1,1
5569_10,1,1
12396_9,0,1
6494_2,0,0
3262_1,0,0
3916_10,0,1
787_1,0,0
11092_9,1,1
2818_10,0,1
5271_2,0,0
4057_7,1,1
5042_1,0,0
1204_1,0,0
3651_2,0,0
11763_8,1,1
7766_10,1,1
3498_1,0,0
11578_10,1,1
3691_1,0,0
11947_10,0,1
11475_2,0,0
8568_9,0,1
8247_2,0,0
9544_7,0,1
9753_8,1,1
6824_7,1,1
2799_1,0,0
10459_1,0,0
1894_10,0,1
9726_7,1,1
10923_1,0,0
7946_3,0,0
7509_10,1,1
3273_9,1,1
2716_3,0,0
4622_1,0,0
1204_8,0,1
71_4,0,0
6508_9,0,1
7819_10,1,1
695_10,0,1
10844_10,0,1
2413_1,0,0
8768_1,0,0
4536_10,1,1
2576_9,1,1
4473_2,0,0
65_2,0,0
6114_2,0,0
7458_1,0,0
10815_2,0,0
8344_1,0,0
1975_9,0,1
1659_1,0,0
11030_10,0,1
5405_7,0,1
2539_3,1,0
6565_8,0,1
1826_10,1,1
2577_8,1,1
6032_7,1,1
3146_9,1,1
798_1,0,0
63_10,0,1
11819_10,1,1
2905_7,1,1
2716_10,1,1
1717_10,0,1
1036_3,0,0
11583_10,1,1
962_9,1,1
10203_2,0,0
12225_1,0,0
10322_9,0,1
7601_2,0,0
1675_4,0,0
8235_3,0,0
680_2,1,0
5208_3,0,0
10678_2,0,0
6072_10,1,1
1216_1,0,0
11434_1,0,0
12480_8,1,1
8844_10,0,1
10506_1,0,0
9766_3,0,0
7804_4,0,0
44_4,0,0
11226_1,0,0
11378_2,0,0
7805_1,0,0
4692_10,0,1
2928_9,1,1
8785_10,1,1
3083_8,0,1
626_10,1,1
9228_10,0,1
66_10,1,1
3824_3,1,0
7115_8,1,1
11893_10,1,1
1628_1,0,0
2236_4,0,0
2032_1,0,0
6613_10,1,1
1582_8,0,1
304_2,0,0
2441_10,1,1
12437_1,0,0
9822_1,0,0
10481_3,0,0
9193_10,1,1
3233_9,1,1
7430_8,1,1
10049_1,0,0
6384_10,0,1
3993_9,0,1
4545_2,0,0
11500_4,1,0
12127_10,0,1
7277_2,0,0
8927_3,0,0
5970_9,0,1
12115_4,0,0
6132_10,1,1
4178_9,1,1
11453_7,0,1
6569_9,1,1
3924_7,0,1
6425_1,0,0
1141_1,0,0
3366_2,0,0
6700_7,1,1
7948_8,0,1
2750_8,1,1
11326_1,0,0
231_8,1,1
8941_8,0,1
8304_7,0,1
12179_2,0,0
3808_1,0,0
2710_1,0,0
4833_1,0,0
10405_7,1,1
449_9,1,1
7259_10,0,1
8513_10,0,1
801_8,1,1
11322_8,1,1
8417_9,1,1
7059_8,0,1
681_3,0,0
3135_9,1,1
7172_3,0,0
11061_10,1,1
9555_9,0,1
1331_1,0,0
9155_3,0,0
8765_8,1,1
4714_8,1,1
7593_9,0,1
7769_1,0,0
5016_8,0,1
11917_2,0,0
3311_8,0,1
6784_4,1,0
6685_7,0,1
1232_8,1,1
765_2,0,0
6159_2,0,0
12037_3,0,0
60_8,1,1
6138_10,1,1
4759_4,0,0
631_10,1,1
5993_10,1,1
2751_10,1,1
7234_1,0,0
7966_3,0,0
296_4,0,0
8252_4,0,0
10333_1,0,0
5950_10,0,1
2735_9,0,1
900_1,0,0
2350_3,0,0
1457_10,1,1
10226_10,0,1
9198_7,1,1
1072_2,0,0
8332_10,1,1
6264_8,0,1
1092_9,1,1
11888_10,1,1
11702_8,0,1
8704_1,0,0
11458_10,0,1
8218_9,0,1
3739_8,1,1
4787_3,0,0
12097_10,0,1
7894_1,0,0
11601_2,0,0
4417_1,0,0
11108_10,1,1
5673_8,0,1
481_2,0,0
6892_2,0,0
5203_1,0,0
18_1,0,0
5488_8,1,1
750_7,1,1
1478_4,0,0
11340_2,0,0
8735_3,0,0
7404_3,1,0
5681_2,0,0
5863_10,0,1
602_1,0,0
9474_7,0,1
12075_3,0,0
1148_8,0,1
2192_4,0,0
1394_1,0,0
2643_3,0,0
8214_7,1,1
6728_1,0,0
5397_8,1,1
7056_7,1,1
2669_3,0,0
10713_10,1,1
1349_4,0,0
3254_1,0,0
9717_10,1,1
11358_4,0,0
12262_1,0,0
1332_1,0,0
6116_2,0,0
6324_3,0,0
10808_8,1,1
11632_4,0,0
2881_3,0,0
3524_1,0,0
10503_8,0,1
11525_1,0,0
9973_4,0,0
9804_1,0,0
1865_8,1,1
8001_9,1,1
5776_8,0,1
11848_10,1,1
4809_3,0,0
841_9,1,1
227_10,0,1
1833_9,1,1
9471_10,1,1
960_3,0,0
10763_1,0,0
1330_1,0,0
326_9,1,1
3392_10,1,1
5883_2,0,0
12168_1,0,0
7525_10,0,1
10578_1,0,0
9173_3,0,0
7214_2,0,0
7163_10,1,1
5177_8,1,1
3372_7,1,1
6041_8,1,1
1590_10,1,1
31_10,1,1
2533_8,1,1
7927_10,1,1
5037_2,0,0
6046_2,0,0
2099_3,0,0
133_1,0,0
205_2,0,0
374_9,1,1
8944_10,1,1
799_4,1,0
8832_9,0,1
3836_10,1,1
2940_1,0,0
946_1,0,0
9310_1,0,0
5853_8,0,1
10852_9,1,1
4061_4,0,0
10301_10,1,1
11104_3,0,0
9339_3,0,0
537_10,1,1
8661_7,0,1
9381_4,1,0
12473_3,0,0
5140_8,0,1
4624_4,0,0
9156_3,1,0
5980_2,0,0
5920_7,1,1
4013_1,0,0
11879_2,0,0
1317_10,1,1
4647_10,1,1
2550_1,0,0
641_8,0,1
10069_10,0,1
12215_10,0,1
6293_10,1,1
1416_7,1,1
8561_9,0,1
1981_10,1,1
1667_2,0,0
9680_1,0,0
888_1,0,0
2202_4,0,0
8835_2,0,0
9340_3,0,0
8742_10,0,1
1892_2,0,0
11940_10,0,1
5976_2,0,0
5430_8,1,1
9125_9,1,1
5217_8,1,1
5257_10,1,1
5487_8,1,1
10815_8,1,1
12438_1,0,0
11433_3,0,0
11570_1,0,0
11880_10,1,1
1983_3,0,0
2916_1,0,0
8119_10,1,1
10960_2,0,0
2798_2,0,0
2797_1,0,0
9931_4,0,0
6244_10,0,1
8361_2,0,0
7098_10,0,1
9107_10,0,1
9860_10,1,1
10252_1,0,0
12015_8,0,1
2696_4,0,0
9301_8,1,1
799_7,1,1
9411_7,0,1
4172_1,0,0
8008_10,1,1
11436_1,0,0
3464_10,1,1
5826_3,0,0
5460_4,0,0
8920_3,0,0
1465_3,0,0
7571_1,0,0
3416_10,1,1
11088_7,1,1
7007_10,1,1
11317_7,1,1
11639_7,0,1
1871_10,1,1
1551_7,1,1
4089_4,0,0
8145_9,0,1
1243_7,1,1
9082_8,1,1
11807_8,0,1
6154_10,1,1
2082_8,1,1
9142_4,0,0
6126_8,0,1
9774_1,0,0
5137_10,1,1
11085_1,0,0
4541_1,0,0
10478_10,1,1
8479_3,0,0
11220_1,0,0
0_10,1,1
5235_8,1,1
457_2,1,0
6784_7,1,1
11527_10,1,1
5935_7,0,1
3697_10,1,1
8318_10,1,1
6770_8,0,1
11760_7,1,1
10344_9,1,1
12363_4,0,0
2233_2,0,0
12184_10,1,1
4668_8,0,1
2293_4,0,0
5886_8,1,1
8403_4,1,0
2493_3,0,0
7224_2,0,0
7753_10,1,1
476_9,0,1
3760_7,0,1
8371_1,0,0
2541_10,1,1
12052_2,0,0
2320_1,0,0
5598_8,1,1
12342_1,0,0
7391_9,0,1
2615_1,0,0
11251_4,0,0
9946_2,0,0
10571_10,1,1
3984_1,0,0
4633_10,0,1
548_10,1,1
1732_1,0,0
3559_7,1,1
10212_7,0,1
8950_7,1,1
8157_10,1,1
5986_9,1,1
10263_7,1,1
2168_10,0,1
4424_4,1,0
6944_10,1,1
11467_7,0,1
3630_8,1,1
2405_1,0,0
7517_1,0,0
8116_10,0,1
5368_4,0,0
2045_1,0,0
11303_8,1,1
11077_2,0,0
6314_10,1,1
12137_4,0,0
12180_1,0,0
6403_10,1,1
2019_1,0,0
7921_7,1,1
3977_10,1,1
11277_9,0,1
8398_1,0,0
1429_3,0,0
9628_4,0,0
2472_3,0,0
5811_4,1,0
11663_3,0,0
3153_1,0,0
11881_2,0,0
767_7,1,1
12243_10,0,1
10969_8,1,1
8689_10,1,1
1854_10,0,1
12392_4,0,0
6627_2,0,0
6819_10,1,1
1587_9,0,1
6999_10,1,1
9128_1,1,0
7141_1,0,0
4485_8,1,1
7368_7,0,1
7698_4,0,0
8376_3,0,0
1862_1,0,0
11217_9,0,1
5179_4,0,0
6524_3,0,0
11877_10,1,1
6055_10,1,1
9372_1,0,0
8029_1,0,0
9546_10,0,1
5514_10,1,1
8869_8,1,1
8290_10,0,1
11619_9,0,1
5949_4,0,0
10146_1,0,0
11776_10,1,1
2146_9,1,1
6461_10,0,1
10480_4,0,0
9021_10,1,1
11802_10,1,1
9139_2,0,0
5590_4,0,0
5631_9,1,1
6333_3,0,0
10455_1,0,0
10394_1,0,0
8814_8,0,1
11264_3,0,0
2255_9,1,1
3915_8,0,1
3386_10,1,1
5531_2,0,0
1676_4,1,0
7711_8,1,1
7871_9,1,1
11101_8,1,1
11562_1,0,0
11609_10,0,1
9556_1,0,0
7149_3,1,0
11807_3,0,0
12106_10,1,1
4763_1,0,0
2007_3,0,0
8454_8,1,1
4656_10,0,1
717_8,0,1
3501_4,0,0
6562_4,0,0
3926_1,0,0
7497_1,0,0
4257_9,1,1
4111_1,0,0
9865_10,1,1
8323_4,0,0
2228_4,1,0
1180_7,1,1
6315_8,1,1
12271_10,0,1
4567_2,0,0
8745_8,0,1
4994_1,0,0
2842_4,0,0
674_9,0,1
4431_3,0,0
2534_4,0,0
378_9,0,1
6039_9,1,1
9551_7,1,1
1273_7,0,1
4222_4,0,0
7469_1,0,0
8733_3,0,0
9324_4,0,0
8888_4,0,0
2872_9,0,1
2123_8,1,1
4982_7,1,1
10668_1,0,0
2014_7,1,1
4211_3,0,0
1202_9,0,1
5450_4,1,0
2484_1,0,0
2427_8,0,1
405_3,0,0
1_10,1,1
4498_4,0,0
50_3,0,0
10113_9,1,1
8919_3,0,0
1338_7,1,1
9817_8,1,1
10824_7,0,1
12165_8,0,1
11975_8,0,1
8537_1,0,0
4443_9,1,1
207_3,0,0
4247_8,1,1
11333_9,1,1
6357_2,0,0
4477_1,0,0
8774_1,0,0
10049_8,0,1
9621_2,0,0
5428_10,1,1
11693_3,0,0
8731_4,0,0
11209_1,0,0
10581_10,0,1
4289_10,0,1
511_7,1,1
7832_8,0,1
2567_9,0,1
4931_1,0,0
8770_2,0,0
8999_9,1,1
9918_1,0,0
2254_7,1,1
4095_1,0,0
8601_2,0,0
10347_10,1,1
2911_4,1,0
12157_7,0,1
5154_10,1,1
27_9,1,1
2586_9,1,1
6344_9,1,1
1888_4,0,0
6630_1,0,0
3202_10,1,1
1517_9,1,1
584_10,1,1
2683_4,0,0
1721_1,0,0
4371_7,0,1
4697_3,0,0
2977_10,1,1
1835_3,0,0
9872_1,0,0
4794_9,1,1
5345_10,0,1
1230_10,1,1
2438_2,0,0
5709_9,1,1
8007_1,0,0
7236_10,0,1
7978_10,0,1
10608_1,0,0
10968_1,0,0
3650_1,0,0
7966_8,1,1
8435_9,1,1
6095_3,0,0
12457_8,1,1
611_10,1,1
7589_7,1,1
4378_4,0,0
9019_3,0,0
794_1,0,0
5112_4,0,0
8698_7,1,1
2729_1,0,0
9090_1,0,0
9641_8,1,1
5065_7,0,1
3147_10,1,1
3971_4,0,0
7000_8,0,1
6716_1,0,0
11482_7,0,1
9263_4,0,0
7901_1,0,0
8213_2,0,0
1113_8,1,1
1013_7,1,1
2195_9,1,1
1371_8,0,1
7239_7,1,1
11376_1,0,0
3506_9,1,1
3413_2,0,0
8641_1,0,0
11587_2,0,0
7639_7,0,1
8100_8,1,1
8151_2,0,0
10464_2,0,0
2043_3,0,0
4454_8,0,1
6562_8,1,1
8549_8,1,1
1209_3,0,0
2566_4,0,0
5871_10,0,1
6459_7,1,1
11006_8,1,1
3313_8,0,1
5290_2,0,0
9687_1,0,0
4165_10,1,1
11120_4,0,0
3379_2,0,0
5814_1,0,0
3414_7,1,1
7750_7,1,1
9727_7,0,1
3850_9,0,1
5954_2,0,0
9685_1,0,0
9307_3,1,0
8727_9,1,1
9746_1,0,0
9365_8,1,1
3361_10,1,1
4554_3,0,0
8952_9,1,1
4301_1,0,0
10764_4,0,0
2738_10,0,1
3554_1,0,0
5724_8,0,1
8804_4,0,0
468_8,1,1
10527_10,1,1
5117_7,1,1
3390_4,0,0
5875_3,0,0
10380_7,1,1
887_2,1,0
2707_8,1,1
11371_3,0,0
535_4,0,0
10700_10,0,1
3047_10,1,1
5930_3,0,0
6044_10,1,1
8679_4,1,0
2261_10,1,1
9577_10,1,1
1999_7,0,1
6010_3,0,0
861_4,0,0
4360_2,0,0
5373_7,0,1
10760_8,1,1
12436_10,0,1
5149_3,1,0
7091_4,0,0
5135_9,1,1
5552_8,1,1
1713_9,1,1
11445_4,1,0
11146_7,1,1
5286_9,1,1
10518_1,0,0
1122_8,0,1
7680_1,0,0
11042_8,1,1
6336_1,0,0
11784_10,0,1
8759_10,1,1
4362_10,0,1
4483_2,0,0
7501_8,1,1
3516_2,0,0
3965_10,0,1
4066_8,0,1
7802_2,0,0
1074_7,1,1
4555_3,0,0
11477_1,0,0
5712_10,1,1
1175_8,1,1
6283_4,0,0
11717_1,0,0
8029_8,1,1
5794_8,1,1
8717_2,0,0
10682_10,0,1
4610_1,0,0
4908_9,1,1
8325_2,0,0
11330_4,0,0
5717_10,0,1
11421_3,0,0
4725_2,0,0
2284_9,1,1
12433_1,0,0
10799_10,0,1
3213_10,0,1
10997_10,1,1
3482_9,1,1
430_4,0,0
6524_9,1,1
2270_1,0,0
6410_4,0,0
224_10,0,1
10915_8,1,1
8882_3,0,0
3578_3,0,0
7696_1,0,0
7307_1,0,0
10043_1,0,0
6380_4,0,0
3109_2,0,0
398_4,0,0
10498_1,0,0
3565_8,1,1
7844_9,1,1
5879_3,0,0
5004_1,0,0
9347_2,0,0
2213_8,1,1
3654_8,1,1
642_2,0,0
9412_8,1,1
7418_10,1,1
2012_1,0,0
308_9,0,1
11695_8,1,1
7369_10,0,1
7363_3,0,0
7834_3,0,0
7705_10,0,1
4554_8,1,1
4773_7,1,1
11944_2,0,0
12303_10,1,1
272_10,1,1
11678_10,0,1
8157_1,0,0
1360_7,1,1
1702_7,0,1
7409_8,1,1
3865_8,0,1
8266_10,1,1
3543_3,1,0
8542_4,0,0
2188_4,0,0
7928_10,1,1
8271_1,0,0
2667_3,0,0
136_9,1,1
2365_8,0,1
9516_1,0,0
6205_9,1,1
12411_1,0,0
10549_2,0,0
2114_10,1,1
8379_3,1,0
1555_2,0,0
7010_4,0,0
10425_1,0,0
2970_10,1,1
1976_8,1,1
4894_8,0,1
995_1,0,0
12087_10,0,1
5002_1,0,0
10204_2,0,0
7689_2,0,0
8685_4,1,0
4183_1,0,0
7719_7,0,1
6350_8,1,1
6163_8,1,1
11247_4,1,0
8962_8,1,1
7849_9,1,1
4177_9,0,1
4680_1,0,0
10965_8,1,1
3534_10,1,1
9782_4,0,0
9525_9,0,1
3743_10,1,1
1688_10,1,1
4400_4,0,0
1660_8,1,1
8241_9,1,1
1238_8,0,1
1081_3,0,0
6151_2,0,0
6025_8,0,1
661_9,0,1
5670_8,1,1
6122_1,0,0
1767_10,1,1
5629_10,1,1
8256_10,0,1
8572_4,0,0
11580_7,0,1
525_3,0,0
2128_3,0,0
10254_8,1,1
3082_2,0,0
7127_1,0,0
9927_7,0,1
5694_9,0,1
8063_10,1,1
10768_1,0,0
7375_1,0,0
6220_10,1,1
4477_10,1,1
1350_8,1,1
9354_4,1,0
9015_2,0,0
719_1,0,0
10544_3,0,0
4496_10,0,1
3912_1,0,0
10120_10,1,1
6958_2,0,0
10964_7,0,1
4974_1,0,0
5591_9,1,1
2295_3,0,0
17_8,1,1
10442_2,0,0
3043_10,0,1
5243_1,0,0
5145_8,1,1
5727_7,0,1
3406_10,1,1
3552_7,0,1
1512_1,0,0
9214_9,1,1
3060_3,0,0
9086_3,1,0
10428_1,0,0
11198_10,1,1
1743_4,0,0
7795_10,0,1
9863_10,0,1
182_3,0,0
9644_4,0,0
10744_2,0,0
3393_10,1,1
3657_8,1,1
10435_1,0,0
9206_10,1,1
4005_10,0,1
5901_3,0,0
498_10,1,1
9583_2,0,0
2336_10,1,1
6107_1,0,0
7079_7,1,1
2769_4,1,0
4787_8,1,1
11123_1,0,0
6466_10,1,1
6311_9,1,1
1236_7,0,1
3635_9,1,1
1230_2,0,0
8721_7,1,1
7878_3,0,0
11731_7,0,1
8732_8,1,1
8083_8,1,1
3146_1,0,0
11395_10,0,1
2998_2,0,0
3766_4,0,0
353_3,1,0
8688_7,1,1
6137_10,1,1
11950_3,0,0
5663_1,0,0
1108_3,0,0
10425_10,0,1
913_10,1,1
7852_8,0,1
14_1,0,0
12062_1,0,0
1162_1,0,0
8648_10,0,1
10605_10,1,1
1091_1,0,0
7723_8,0,1
5474_8,1,1
8308_1,0,0
9586_8,0,1
5317_4,0,0
11283_8,1,1
9575_3,0,0
8846_9,0,1
8756_1,0,0
7973_4,0,0
9845_3,0,0
11335_9,1,1
456_8,1,1
378_1,0,0
9176_1,0,0
6371_10,0,1
3152_10,0,1
7441_4,0,0
10123_4,0,0
6777_1,0,0
7479_1,0,0
5563_1,0,0
9076_7,0,1
11744_1,0,0
1040_4,0,0
920_1,0,0
3599_4,0,0
9629_3,0,0
12346_1,0,0
4237_8,1,1
6596_10,0,1
11576_1,0,0
1140_1,0,0
2945_8,1,1
7518_9,1,1
3435_1,0,0
8219_3,1,0
6758_10,1,1
484_8,1,1
10012_1,0,0
718_10,1,1
12293_7,0,1
6241_3,0,0
10635_10,1,1
2563_1,0,0
7682_10,0,1
4993_7,0,1
12153_4,0,0
8559_7,0,1
9700_4,0,0
660_2,0,0
11457_4,0,0
7146_1,0,0
3771_2,1,0
8333_3,0,0
11740_7,0,1
7035_2,0,0
7054_1,0,0
12292_4,0,0
8881_4,0,0
7264_8,1,1
11168_1,0,0
1145_9,1,1
781_9,1,1
5694_4,0,0
2637_10,1,1
5812_8,0,1
6335_10,1,1
10491_3,0,0
4684_2,0,0
3810_2,0,0
12264_3,0,0
8018_10,1,1
12185_10,1,1
3959_3,0,0
9829_7,1,1
4694_4,0,0
3884_1,0,0
8027_10,1,1
743_2,0,0
7036_1,0,0
3081_1,0,0
4606_10,0,1
503_2,0,0
6989_10,1,1
10059_1,0,0
1380_9,0,1
3247_1,0,0
6308_8,1,1
1592_2,0,0
3167_1,0,0
6357_10,1,1
7107_7,0,1
5335_8,0,1
11948_2,0,0
10805_4,0,0
638_7,0,1
4311_2,0,0
11795_8,0,1
8031_9,1,1
11930_2,0,0
7886_3,0,0
7253_10,0,1
10955_3,0,0
10680_2,0,0
8754_10,1,1
9556_8,1,1
3076_10,1,1
1544_3,0,0
2726_3,0,0
8545_3,0,0
3175_3,0,0
2864_9,0,1
547_4,0,0
2831_9,0,1
5321_4,0,0
4675_8,1,1
11787_4,0,0
2837_10,1,1
7730_8,1,1
2309_10,0,1
9078_7,1,1
8160_10,0,1
7824_1,0,0
9926_8,1,1
3507_1,0,0
5878_3,0,0
6708_4,0,0
1096_3,0,0
4556_8,0,1
3667_10,0,1
9565_3,0,0
4737_9,1,1
12134_1,0,0
9413_7,1,1
1002_9,0,1
4889_4,0,0
3453_1,0,0
2763_2,0,0
8248_8,0,1
1881_1,0,0
3528_10,1,1
3630_1,0,0
11390_10,1,1
3991_8,0,1
7650_8,0,1
4527_8,1,1
10307_2,0,0
8872_4,0,0
1741_10,0,1
12170_9,1,1
11196_4,0,0
5524_10,0,1
1926_3,0,0
1279_8,1,1
1444_8,1,1
8975_8,1,1
7157_10,1,1
11973_2,0,0
7022_1,0,0
6939_10,1,1
6732_9,0,1
3689_1,0,0
10228_1,0,0
6314_3,0,0
4285_8,1,1
10086_10,1,1
9899_1,0,0
7556_10,1,1
12299_3,0,0
11872_3,0,0
4257_1,0,0
3028_7,0,1
2545_10,1,1
8036_4,0,0
5948_2,0,0
12113_1,0,0
1738_4,0,0
9808_10,1,1
2629_4,0,0
12003_9,0,1
6725_8,1,1
5383_8,1,1
12097_1,0,0
11402_9,1,1
3877_3,0,0
3765_4,0,0
11431_7,1,1
7419_3,0,0
9844_8,1,1
9753_1,0,0
12377_1,0,0
2775_10,0,1
11106_1,0,0
10015_8,0,1
9473_9,1,1
3633_9,1,1
9022_8,1,1
608_1,0,0
10724_1,0,0
1059_10,1,1
8413_3,0,0
2013_1,0,0
2814_10,0,1
9166_4,0,0
6566_7,0,1
9352_10,0,1
8123_1,0,0
10825_3,0,0
3735_8,1,1
7595_2,0,0
4946_1,0,0
8327_9,1,1
5140_2,0,0
10986_1,0,0
7385_8,1,1
3722_1,0,0
9799_2,0,0
1288_8,1,1
8089_1,0,0
11279_4,1,0
4845_10,1,1
8354_8,1,1
1373_10,0,1
5431_7,1,1
1245_2,0,0
11429_7,1,1
11606_4,1,0
4192_10,0,1
3443_1,0,0
4957_2,0,0
4971_8,1,1
913_1,0,0
10311_10,1,1
10558_9,1,1
304_10,1,1
7499_9,1,1
6529_10,0,1
2069_10,1,1
1366_10,1,1
10303_3,0,0
4476_8,1,1
8032_10,1,1
8392_8,1,1
10158_9,1,1
10886_7,0,1
1789_2,0,0
3113_1,0,0
7713_1,0,0
2685_10,1,1
9760_10,1,1
12401_10,1,1
2489_10,0,1
6382_1,0,0
2352_2,0,0
9440_1,0,0
10695_10,0,1
7297_8,0,1
11703_4,0,0
4733_1,0,0
1769_4,0,0
12219_7,0,1
1725_1,0,0
1711_8,0,1
7466_8,0,1
6987_10,0,1
12351_1,0,0
4929_10,1,1
10281_4,0,0
11555_7,0,1
2075_9,0,1
755_10,0,1
11705_8,1,1
1434_10,1,1
6189_7,0,1
3645_7,0,1
2963_9,1,1
3487_9,1,1
6368_7,1,1
2240_1,0,0
10126_9,1,1
5366_1,0,0
8058_10,1,1
10746_8,1,1
4852_3,0,0
5371_7,0,1
303_2,0,0
7169_4,1,0
4284_3,0,0
7539_2,0,0
11410_1,0,0
4710_2,0,0
7660_1,0,0
10378_8,0,1
10580_10,1,1
4295_1,0,0
4433_1,0,0
6959_9,1,1
6769_4,0,0
11996_1,0,0
10341_7,1,1
2337_1,0,0
11119_8,0,1
4228_2,0,0
3680_1,0,0
11256_1,0,0
1884_7,0,1
4750_8,1,1
4890_3,1,0
7159_10,1,1
10622_1,0,0
11753_1,0,0
8352_10,1,1
2188_9,1,1
6913_9,1,1
9193_1,0,0
9572_4,0,0
5136_2,0,0
4799_2,0,0
5045_8,1,1
9538_1,0,0
1565_4,0,0
12134_7,0,1
1437_8,1,1
5319_9,1,1
3709_10,1,1
2642_8,1,1
11143_9,1,1
864_10,1,1
9283_3,0,0
5089_9,1,1
9917_10,1,1
3800_7,1,1
6074_7,0,1
6433_7,1,1
6715_1,0,0
594_1,0,0
2469_1,0,0
3155_1,0,0
7458_10,0,1
2020_1,0,0
6921_8,1,1
9662_7,1,1
9567_7,1,1
5187_1,0,0
6831_4,0,0
7829_4,1,0
3868_3,0,0
2224_10,0,1
12015_1,0,0
841_1,0,0
224_3,0,0
4805_9,1,1
7513_2,0,0
7065_3,0,0
6192_3,1,0
6075_10,1,1
10611_7,1,1
10471_10,1,1
4198_10,0,1
10756_7,0,1
11960_1,0,0
2885_9,1,1
6837_3,0,0
1917_2,0,0
7143_3,0,0
1762_10,0,1
12066_10,1,1
8410_7,0,1
10729_4,1,0
6967_3,1,0
734_7,1,1
1524_10,1,1
2479_9,0,1
130_4,0,0
201_9,1,1
6157_9,1,1
9362_2,0,0
3858_10,1,1
9895_10,1,1
9953_3,0,0
4667_7,0,1
1951_1,0,0
8724_8,1,1
2886_7,0,1
7491_10,1,1
10403_4,0,0
7362_10,0,1
9466_9,1,1
9079_7,0,1
10171_1,0,0
9511_9,0,1
8775_1,0,0
6462_2,0,0
3129_2,0,0
12461_1,0,0
8541_10,0,1
4241_7,0,1
6533_10,0,1
12131_2,0,0
11577_4,0,0
6063_3,0,0
1760_9,1,1
3396_1,0,0
5385_8,1,1
7212_2,0,0
3522_8,0,1
1397_10,0,1
387_8,1,1
4143_9,1,1
9483_2,0,0
3250_10,1,1
8758_4,0,0
7551_10,0,1
2068_1,0,0
9534_9,1,1
11561_8,0,1
3083_2,0,0
2973_1,0,0
6574_10,1,1
5442_2,0,0
6343_3,0,0
6723_1,0,0
6252_8,0,1
8465_1,0,0
1906_7,0,1
7492_7,0,1
5508_7,0,1
5936_8,0,1
5086_8,1,1
2134_7,1,1
8301_4,0,0
8423_2,0,0
6241_10,1,1
8550_4,1,0
3330_10,0,1
8825_8,0,1
8030_1,0,0
4884_4,0,0
8391_9,0,1
9776_1,0,0
1389_7,0,1
12224_4,0,0
2162_7,1,1
8490_10,1,1
12003_4,0,0
11043_3,0,0
7266_2,0,0
4480_10,0,1
11954_9,1,1
3280_2,0,0
8084_2,0,0
3913_4,0,0
7353_10,1,1
3161_10,1,1
3941_1,0,0
7992_9,1,1
10742_10,1,1
69_10,1,1
10415_3,0,0
4818_10,1,1
5563_10,1,1
7018_10,1,1
8873_4,0,0
10593_3,0,0
12251_3,0,0
731_4,0,0
1195_10,1,1
7337_1,0,0
2448_7,1,1
4444_2,0,0
9223_2,0,0
463_8,1,1
4335_4,0,0
9635_8,0,1
8738_4,0,0
6724_1,0,0
5504_1,0,0
10185_1,0,0
901_9,1,1
10452_8,0,1
8289_10,1,1
10112_1,0,0
9950_8,1,1
8644_4,0,0
11534_7,0,1
5708_4,0,0
6781_1,0,0
3582_10,1,1
4591_7,0,1
3327_1,0,0
9536_9,1,1
3047_2,0,0
2830_9,0,1
4300_1,0,0
4160_4,0,0
11783_10,0,1
6029_9,0,1
6907_2,0,0
691_2,0,0
585_1,0,0
11182_3,1,0
10433_2,0,0
11201_2,0,0
588_7,1,1
2522_10,1,1
7002_2,0,0
2059_10,1,1
4925_10,1,1
7791_9,1,1
6392_10,0,1
3305_7,1,1
11951_10,0,1
12167_1,0,0
5814_10,1,1
2590_10,0,1
10571_3,0,0
5452_4,0,0
6480_10,0,1
11050_8,1,1
11523_3,0,0
6556_8,1,1
597_9,1,1
4049_3,0,0
6652_8,1,1
5591_4,0,0
12295_1,0,0
11478_10,1,1
6436_1,0,0
2487_2,0,0
7520_7,1,1
5203_9,1,1
6162_10,1,1
3840_4,0,0
7471_10,1,1
5021_1,0,0
5593_10,1,1
7489_10,0,1
1208_10,1,1
11983_10,0,1
23_4,0,0
3622_7,0,1
7821_1,0,0
9726_3,0,0
2890_10,0,1
11695_4,0,0
3751_10,1,1
5136_8,1,1
8730_7,1,1
4341_7,0,1
9148_3,0,0
6385_3,0,0
8560_8,0,1
766_2,0,0
8847_10,0,1
7455_1,0,0
3187_8,0,1
9683_1,0,0
7744_10,0,1
11136_10,1,1
214_1,0,0
2105_9,1,1
1265_10,0,1
9122_2,0,0
9296_10,0,1
8107_2,0,0
8134_2,0,0
3788_10,1,1
2429_10,1,1
8567_1,0,0
7400_10,0,1
1789_7,0,1
11098_2,0,0
918_10,0,1
3389_10,0,1
3754_1,0,0
8807_9,0,1
7900_9,1,1
6541_1,0,0
981_1,0,0
2142_9,1,1
1639_1,0,0
4162_1,0,0
2476_10,0,1
9941_4,0,0
4020_3,0,0
6823_4,0,0
6236_2,0,0
7793_4,1,0
7431_9,1,1
6864_7,0,1
184_9,0,1
735_7,1,1
1673_8,1,1
6209_1,0,0
4167_10,1,1
7854_1,0,0
6281_7,1,1
3045_1,0,0
598_9,0,1
5411_10,1,1
3781_4,0,0
10627_2,0,0
11283_2,0,0
4594_8,1,1
12424_7,0,1
6705_8,0,1
5274_8,0,1
2107_7,0,1
10685_7,0,1
1992_10,1,1
6711_1,0,0
1899_10,1,1
6307_9,1,1
5702_10,1,1
6865_7,1,1
5047_10,1,1
2762_8,0,1
2830_4,0,0
9305_7,1,1
4358_1,0,0
7558_10,1,1
8607_10,1,1
4599_9,0,1
5267_4,0,0
5667_10,1,1
10108_8,1,1
8432_3,0,0
845_2,0,0
552_2,0,0
169_7,0,1
12311_1,0,0
5884_3,0,0
2938_4,0,0
11378_7,1,1
7337_10,1,1
4378_7,1,1
4660_10,1,1
2461_4,0,0
7011_10,1,1
9907_2,0,0
6134_2,0,0
1548_1,0,0
157_3,0,0
2189_2,0,0
9021_3,0,0
7699_1,0,0
9298_1,0,0
539_3,0,0
10243_2,0,0
8659_9,0,1
10748_8,1,1
6757_4,0,0
7196_8,0,1
2579_9,1,1
5896_10,1,1
2308_9,0,1
12318_1,0,0
12244_4,0,0
10131_7,1,1
3608_4,0,0
10891_10,1,1
10517_10,1,1
2180_8,0,1
2498_7,1,1
3382_1,0,0
12196_4,0,0
7079_3,0,0
562_8,0,1
984_3,0,0
7756_10,0,1
11553_1,0,0
1880_4,0,0
9842_7,1,1
795_3,0,0
11707_10,0,1
8457_9,1,1
2483_4,0,0
4903_3,0,0
12223_2,0,0
8418_2,0,0
6194_10,1,1
3214_10,1,1
12208_3,0,0
7001_10,1,1
8533_8,0,1
8236_4,0,0
2867_1,0,0
7876_9,0,1
9640_8,1,1
11866_3,0,0
4262_4,0,0
5711_4,0,0
214_9,1,1
9641_4,0,0
9086_9,1,1
12088_2,0,0
76_8,1,1
1537_10,1,1
10510_2,0,0
778_1,0,0
458_9,1,1
12472_1,0,0
7914_1,0,0
8595_10,1,1
7741_4,0,0
9056_4,0,0
538_4,0,0
12049_4,1,0
9613_8,1,1
7051_4,0,0
2549_7,1,1
12139_3,0,0
4006_7,0,1
11662_10,0,1
497_2,0,0
5556_2,0,0
8287_10,1,1
4712_9,1,1
8237_1,0,0
4466_9,1,1
4141_1,0,0
3303_10,0,1
5384_2,0,0
8494_1,0,0
5127_2,0,0
6961_9,1,1
10856_1,0,0
9421_7,0,1
3776_10,1,1
5958_1,0,0
6227_8,0,1
10991_1,0,0
7996_10,1,1
12372_9,1,1
1460_2,1,0
10183_1,0,0
2829_4,0,0
9797_4,0,0
2988_3,0,0
3974_3,0,0
11419_4,0,0
11472_7,0,1
8489_7,1,1
11938_4,0,0
1057_8,1,1
7213_1,0,0
2615_10,0,1
3101_1,0,0
7553_1,0,0
10258_1,0,0
8551_10,0,1
11233_4,0,0
2996_4,0,0
8670_3,0,0
10586_9,0,1
501_10,1,1
11398_9,1,1
9223_8,1,1
5432_9,0,1
7517_10,1,1
11616_7,1,1
5055_2,0,0
9285_1,0,0
5175_1,0,0
872_1,0,0
8890_7,0,1
178_2,0,0
10660_4,0,0
11461_4,0,0
9461_8,1,1
3992_3,0,0
1173_1,0,0
8261_10,1,1
10007_4,0,0
10751_10,1,1
5021_8,0,1
10553_7,0,1
12464_8,1,1
8616_8,1,1
9697_1,0,0
2800_1,0,0
521_1,0,0
7535_10,0,1
4352_9,1,1
2246_10,1,1
7039_4,0,0
10344_4,0,0
12195_10,1,1
3671_4,0,0
1767_2,0,0
6536_1,0,0
8951_1,0,0
12462_9,1,1
8489_2,0,0
11884_10,1,1
8602_1,0,0
9229_1,0,0
10611_3,0,0
6764_4,0,0
2612_1,0,0
213_3,0,0
1987_2,0,0
3082_9,1,1
10504_7,0,1
8862_9,0,1
5512_10,0,1
3198_10,1,1
11521_1,0,0
9841_8,0,1
1781_10,0,1
8389_1,0,0
10225_1,0,0
1403_4,0,0
3792_8,1,1
4361_9,1,1
6579_7,0,1
3891_2,0,0
10782_8,1,1
12290_2,0,0
1710_1,0,0
5507_7,0,1
10523_1,0,0
6722_10,1,1
3401_10,1,1
8079_1,0,0
5650_10,1,1
1843_4,0,0
8228_7,0,1
1138_8,0,1
7943_9,0,1
2219_4,0,0
11675_4,0,0
7748_9,1,1
3859_1,0,0
1497_1,0,0
2115_10,1,1
9622_4,0,0
9482_10,1,1
9084_2,0,0
2744_1,0,0
6599_3,0,0
10991_10,1,1
8444_9,1,1
1362_3,0,0
6820_10,1,1
10806_3,0,0
5509_3,0,0
1939_8,0,1
498_1,0,0
12238_10,0,1
4154_4,0,0
11557_1,0,0
6658_7,1,1
1183_2,0,0
3764_10,0,1
12421_3,0,0
8166_1,0,0
88_10,1,1
6291_7,1,1
4637_2,0,0
4194_10,0,1
9020_10,0,1
9749_8,0,1
3308_1,0,0
2569_9,1,1
9696_8,0,1
8680_1,0,0
10469_3,0,0
6208_1,0,0
9862_3,0,0
7663_10,1,1
811_10,1,1
5452_8,1,1
4347_10,1,1
10922_8,1,1
10466_3,0,0
11650_8,1,1
5126_4,0,0
3454_8,1,1
11021_10,1,1
1160_1,0,0
1948_10,1,1
8741_10,1,1
8996_4,0,0
11572_2,0,0
2183_7,1,1
1779_9,0,1
5466_10,1,1
1756_1,0,0
7777_3,0,0
429_3,0,0
1736_10,1,1
1746_10,1,1
7613_8,1,1
4315_10,1,1
12186_10,1,1
4231_8,1,1
659_8,1,1
7739_10,0,1
43_10,1,1
2960_4,0,0
11665_4,0,0
4399_9,1,1
6993_8,0,1
6523_10,1,1
7068_1,0,0
3005_1,1,0
10419_8,1,1
3160_2,0,0
1881_10,0,1
5623_10,0,1
2263_10,1,1
5736_8,1,1
550_3,0,0
368_4,0,0
9100_10,1,1
930_3,0,0
866_10,0,1
11251_7,1,1
10708_9,0,1
247_2,0,0
4080_10,0,1
2104_10,1,1
8_2,0,0
1485_3,0,0
3133_1,0,0
331_10,1,1
12213_1,0,0
2825_3,0,0
8316_3,0,0
11102_3,0,0
9719_1,0,0
1951_7,1,1
10577_1,0,0
9941_9,1,1
12246_1,0,0
7579_4,0,0
7111_7,1,1
1068_3,0,0
1872_4,1,0
834_4,0,0
12088_7,0,1
7785_3,0,0
7364_10,1,1
4441_2,0,0
3957_10,1,1
7789_1,1,0
3296_1,0,0
6656_8,1,1
7366_2,0,0
10579_10,0,1
1292_8,1,1
3172_10,1,1
4948_10,1,1
8690_3,0,0
3279_1,0,0
7221_3,0,0
6376_2,0,0
4901_4,0,0
1591_10,1,1
2905_4,0,0
8656_7,0,1
10100_3,1,0
6918_10,1,1
7105_8,0,1
8220_10,0,1
916_3,0,0
7831_8,0,1
11118_10,1,1
7993_10,0,1
2665_3,0,0
1680_2,0,0
632_8,0,1
5838_10,1,1
4039_9,0,1
309_3,0,0
6715_7,0,1
9130_4,0,0
722_10,1,1
9485_3,0,0
5421_9,1,1
2053_4,0,0
8824_4,0,0
906_4,0,0
4325_4,0,0
3131_1,0,0
4732_10,0,1
7628_1,0,0
3903_8,0,1
2781_7,0,1
2530_1,0,0
8740_9,0,1
9456_4,0,0
8705_10,0,1
9894_4,1,0
7573_10,0,1
117_1,0,0
1578_7,0,1
2822_9,0,1
2544_10,1,1
10988_10,1,1
9846_3,0,0
6242_3,0,0
5626_3,0,0
4053_9,1,1
10157_8,1,1
10582_2,0,0
11091_1,0,0
10436_8,0,1
3432_8,1,1
3007_3,1,0
11467_4,0,0
9877_8,0,1
4839_1,0,0
2766_3,0,0
11528_9,1,1
4327_1,0,0
8087_10,0,1
3394_10,1,1
4690_4,0,0
11642_8,1,1
2603_1,0,0
9578_8,0,1
8316_10,0,1
8184_9,1,1
9764_10,1,1
3248_2,0,0
5784_3,0,0
3686_1,0,0
10901_10,1,1
606_9,1,1
6887_1,0,0
4240_4,0,0
977_9,1,1
2232_7,1,1
4107_8,0,1
11897_10,1,1
10418_8,1,1
5274_1,0,0
5978_10,0,1
6781_7,0,1
6704_10,0,1
8290_4,0,0
9826_8,0,1
10066_1,0,0
1135_1,0,0
6683_9,1,1
9991_8,1,1
1710_10,1,1
4774_2,0,0
3621_2,0,0
9258_1,0,0
12244_8,1,1
401_1,0,0
11869_10,1,1
3092_3,0,0
2910_7,0,1
961_1,0,0
6927_7,0,1
4819_2,0,0
658_7,0,1
5477_2,0,0
7766_1,0,0
4159_3,0,0
5010_10,0,1
11093_3,0,0
7287_10,1,1
3462_9,0,1
1652_1,0,0
12077_2,0,0
3798_10,1,1
2696_10,1,1
2803_8,1,1
11941_2,0,0
8090_8,1,1
6994_4,0,0
1242_7,0,1
8828_9,0,1
1346_1,0,0
468_1,0,0
3665_4,0,0
4476_4,0,0
6043_9,0,1
5830_3,0,0
3159_10,0,1
6975_1,0,0
7338_1,0,0
1424_10,0,1
6487_7,1,1
3023_7,0,1
4749_3,0,0
4596_3,0,0
4681_8,1,1
4235_1,0,0
2912_8,1,1
6552_1,0,0
4329_1,0,0
3876_1,0,0
9168_9,1,1
8747_10,1,1
11842_10,1,1
5612_10,1,1
10371_8,1,1
4804_7,0,1
4914_7,1,1
2520_3,0,0
8053_3,0,0
11302_4,0,0
4766_1,1,0
1820_4,0,0
4668_1,0,0
3521_2,0,0
3467_7,1,1
1885_4,0,0
4206_1,0,0
2774_10,0,1
12060_1,0,0
5664_10,1,1
7078_10,1,1
4797_8,1,1
2735_3,0,0
7981_4,0,0
10440_7,0,1
11611_7,1,1
5553_1,0,0
12415_2,0,0
10807_3,0,0
5539_1,0,0
9489_10,0,1
11053_10,1,1
7493_10,1,1
10400_4,0,0
9856_10,0,1
6813_10,0,1
679_10,1,1
7502_3,0,0
3842_7,1,1
7800_10,1,1
4253_9,0,1
2103_1,0,0
9581_3,0,0
7335_10,0,1
3304_8,1,1
12276_3,0,0
5451_3,0,0
1873_3,0,0
5857_7,0,1
5423_10,1,1
6400_10,0,1
6419_3,0,0
3775_4,0,0
5165_8,1,1
6555_1,0,0
3806_4,0,0
8584_7,1,1
5390_7,1,1
10965_1,0,0
6680_9,1,1
5034_1,0,0
7718_2,0,0
2688_4,0,0
9107_2,0,0
5993_1,0,0
7456_10,1,1
8581_8,1,1
8852_3,0,0
4239_10,1,1
9012_10,1,1
6661_9,1,1
6786_10,1,1
12257_3,0,0
8700_8,1,1
8848_8,0,1
11377_4,0,0
4722_2,0,0
8546_9,1,1
3091_4,0,0
4124_7,0,1
10860_10,1,1
2684_10,1,1
4968_10,1,1
10785_4,0,0
4871_8,1,1
1064_8,1,1
9452_2,0,0
9965_1,0,0
1358_10,0,1
12094_10,1,1
415_10,1,1
8308_10,0,1
11112_9,0,1
6271_4,0,0
7324_8,1,1
7950_8,1,1
8880_3,0,0
5610_7,1,1
3918_8,0,1
7209_2,0,0
4916_10,1,1
6782_3,0,0
5607_3,0,0
5492_10,1,1
2824_3,0,0
1533_10,1,1
9663_9,1,1
11087_3,0,0
3360_1,0,0
12040_1,0,0
329_10,1,1
4819_7,1,1
11985_8,1,1
6491_4,0,0
7151_10,1,1
6807_10,1,1
3353_10,0,1
3592_10,1,1
928_10,1,1
3100_7,1,1
7390_3,0,0
8466_8,1,1
777_10,1,1
10007_10,1,1
7673_1,0,0
8255_1,0,0
3734_8,1,1
6217_10,1,1
2264_1,1,0
7637_7,1,1
3494_3,0,0
1012_1,0,0
9796_2,0,0
444_2,0,0
10968_8,0,1
8328_10,1,1
2417_8,1,1
253_3,0,0
3740_8,1,1
5904_3,0,0
6664_8,1,1
12027_1,0,0
8658_10,0,1
4505_1,0,0
1008_10,0,1
7922_3,0,0
655_10,1,1
6383_10,1,1
5868_1,0,0
7827_10,1,1
722_3,0,0
3933_4,0,0
1358_3,0,0
8939_8,0,1
9502_10,1,1
4798_9,1,1
7088_3,0,0
9904_3,0,0
11214_2,0,0
11293_8,1,1
11924_10,1,1
6168_8,1,1
4329_10,1,1
10345_3,0,0
5512_3,0,0
1291_1,0,0
7568_3,0,0
2747_4,0,0
7484_1,0,0
3915_2,0,0
8527_4,1,0
4686_10,0,1
6909_1,0,0
10587_10,0,1
9167_8,0,1
4739_4,0,0
6266_4,0,0
6155_10,1,1
11409_9,0,1
3874_7,1,1
7049_3,0,0
11158_2,0,0
5714_10,1,1
11248_1,0,0
8854_3,0,0
3191_4,0,0
5537_7,0,1
4919_7,0,1
8109_9,1,1
7476_4,1,0
5890_10,1,1
5837_10,1,1
2623_9,1,1
5033_1,0,0
12055_8,1,1
8420_4,1,0
5854_10,1,1
9631_7,0,1
11705_3,0,0
3869_7,1,1
10836_9,1,1
7027_1,0,0
55_4,0,0
11124_8,0,1
3533_3,0,0
1552_10,1,1
11307_1,0,0
11974_7,0,1
7246_3,0,0
10648_3,0,0
11991_10,0,1
10494_8,0,1
8109_1,0,0
4764_1,0,0
3527_1,0,0
4059_9,1,1
3729_4,0,0
5073_4,0,0
4984_9,1,1
2371_10,1,1
9597_10,1,1
10823_9,1,1
3123_10,1,1
2951_10,0,1
9800_1,0,0
1824_3,1,0
6238_2,0,0
8830_9,0,1
12355_8,1,1
4002_10,1,1
405_10,0,1
4314_1,0,0
9201_10,1,1
10466_8,1,1
3736_2,0,0
1641_10,1,1
3381_1,0,0
11711_9,1,1
4970_3,0,0
6958_10,1,1
646_9,0,1
3590_9,0,1
7218_9,1,1
5091_10,1,1
8820_2,0,0
3938_8,1,1
2616_10,0,1
7808_1,0,0
3508_10,1,1
8974_8,0,1
4383_4,1,0
6360_4,0,0
2759_8,0,1
7417_1,0,0
10880_1,0,0
5488_2,0,0
8015_9,1,1
6484_3,0,0
10117_1,0,0
11363_1,0,0
3334_7,1,1
3369_7,0,1
9609_1,0,0
8396_10,1,1
8267_10,0,1
10335_7,0,1
1973_4,0,0
7123_10,0,1
6949_9,1,1
10652_4,0,0
10256_4,0,0
4557_9,1,1
8929_1,0,0
2429_1,0,0
3994_1,0,0
11454_7,0,1
11874_4,0,0
4891_3,0,0
2216_7,0,1
2039_4,0,0
505_1,0,0
313_1,0,0
3383_2,0,0
9453_7,0,1
426_9,0,1
311_10,1,1
11291_10,1,1
835_8,1,1
2143_9,0,1
8200_2,0,0
11716_2,1,0
3786_2,0,0
3818_4,0,0
12106_1,0,0
2605_4,0,0
10518_7,1,1
3932_8,0,1
7515_4,0,0
9857_10,1,1
449_3,0,0
3573_9,1,1
10198_8,1,1
2286_9,1,1
6906_3,0,0
3807_2,1,0
11602_8,1,1
10201_7,1,1
8717_8,1,1
10411_10,1,1
11099_3,0,0
5619_10,1,1
9252_10,0,1
6097_10,1,1
6467_1,0,0
2757_2,0,0
1869_10,0,1
5192_2,0,0
11399_10,1,1
898_3,0,0
6820_2,0,0
768_2,0,0
1783_10,1,1
8102_9,1,1
7818_2,0,0
2444_10,1,1
3965_4,0,0
7086_4,0,0
10556_3,0,0
5221_1,0,0
4322_10,1,1
7371_1,0,0
1318_8,1,1
8142_3,0,0
3413_10,0,1
3845_9,1,1
7323_1,0,0
5273_3,0,0
11812_4,0,0
5737_7,0,1
7260_2,0,0
5018_3,0,0
7779_10,1,1
894_7,0,1
11940_3,0,0
2471_7,0,1
6605_10,1,1
282_10,0,1
12402_3,0,0
7974_1,0,0
12280_7,1,1
10917_2,0,0
12164_1,0,0
3181_1,0,0
11240_1,0,0
11255_9,1,1
2318_2,0,0
4976_7,1,1
1822_8,0,1
11724_7,1,1
3499_3,1,0
9439_9,0,1
5469_10,0,1
7612_9,1,1
3947_8,1,1
11269_1,0,0
5771_8,1,1
4461_8,1,1
5683_9,1,1
639_1,0,0
9896_3,0,0
5131_8,0,1
5961_3,0,0
5741_2,0,0
6418_4,1,0
5416_1,0,0
3114_7,1,1
3587_3,0,0
5472_10,0,1
9802_9,1,1
4313_3,0,0
2921_7,1,1
11468_8,0,1
12250_10,1,1
3481_10,1,1
2067_2,0,0
8574_4,0,0
861_9,0,1
10381_2,0,0
5479_1,0,0
1107_9,1,1
4475_1,0,0
469_2,0,0
605_4,0,0
2182_1,0,0
9401_7,1,1
2518_8,1,1
5329_8,1,1
3202_1,0,0
256_4,1,0
7235_3,0,0
4661_3,0,0
11045_1,0,0
1417_4,0,0
4186_10,0,1
985_4,0,0
6553_1,0,0
3118_1,0,0
3297_1,0,0
5843_10,0,1
7645_7,0,1
11958_1,0,0
10823_3,0,0
5097_4,0,0
4344_10,1,1
5442_8,1,1
11969_10,0,1
7015_10,0,1
1419_4,0,0
914_1,0,0
11911_8,0,1
5930_8,0,1
3853_10,0,1
9404_1,0,0
207_9,1,1
2018_1,0,0
11192_7,1,1
6679_4,0,0
1184_3,0,0
3291_10,1,1
12323_9,1,1
7524_1,0,0
443_8,1,1
7964_1,0,0
730_1,0,0
8969_7,1,1
8581_3,0,0
12152_4,0,0
4528_10,0,1
5984_2,0,0
4446_10,1,1
7039_8,1,1
591_8,1,1
6869_7,1,1
1836_7,1,1
4183_10,0,1
8590_1,0,0
5647_10,0,1
11076_10,1,1
11241_1,0,0
876_10,1,1
8390_1,0,0
1462_9,1,1
8362_7,0,1
3400_1,0,0
2318_8,1,1
5389_4,1,0
8617_4,0,0
9200_10,1,1
8878_10,0,1
12110_1,1,0
9101_10,0,1
4967_3,0,0
12436_1,0,0
8845_4,1,0
3420_4,0,0
7428_7,0,1
11769_10,1,1
7025_1,0,0
1561_10,1,1
3704_1,0,0
3529_8,0,1
12234_4,0,0
10600_3,0,0
1028_4,0,0
6764_10,1,1
1815_2,0,0
10953_4,0,0
2809_7,0,1
8393_10,1,1
2743_1,1,0
10711_10,1,1
6173_10,1,1
9664_7,0,1
6335_3,0,0
1665_4,0,0
4174_10,1,1
2038_1,0,0
3717_10,1,1
9361_10,1,1
415_1,0,0
1460_9,1,1
5915_4,0,0
7187_3,0,0
11050_1,0,0
8822_10,1,1
12407_1,0,0
4543_2,0,0
10560_9,1,1
9108_10,1,1
2999_9,0,1
1703_7,0,1
206_2,0,0
2095_3,0,0
6454_8,1,1
2773_1,0,0
6252_1,0,0
2848_7,0,1
6887_10,1,1
8660_1,0,0
1675_9,0,1
9842_1,0,0
9118_10,0,1
5793_4,0,0
941_10,1,1
8832_1,0,0
7584_3,0,0
9746_10,1,1
1965_10,1,1
5346_10,1,1
9738_4,0,0
5905_9,1,1
336_1,0,0
5621_1,0,0
5976_10,1,1
3000_8,1,1
5172_7,1,1
311_3,0,0
2035_4,0,0
6084_10,1,1
7284_9,0,1
6449_8,1,1
8671_3,0,0
636_9,1,1
11330_8,1,1
1300_1,0,0
11538_1,0,0
5159_3,0,0
3742_9,1,1
11281_9,0,1
4128_1,0,0
4382_7,0,1
862_3,0,0
5941_8,1,1
8576_3,0,0
10570_1,0,0
10682_3,0,0
12497_10,0,1
2026_7,1,1
9657_10,1,1
999_8,1,1
1664_2,0,0
1795_8,1,1
4280_4,0,0
952_10,1,1
4725_7,0,1
8162_2,0,0
10062_9,0,1
4719_10,1,1
10388_4,0,0
6183_9,1,1
3703_8,1,1
11259_4,0,0
8578_8,1,1
12040_9,1,1
6500_7,1,1
3473_10,1,1
11784_4,1,0
613_10,1,1
4631_1,0,0
2426_10,1,1
7088_7,0,1
5851_7,1,1
3904_2,0,0
1329_7,0,1
2160_7,0,1
4796_10,0,1
8760_1,1,0
7859_8,0,1
4251_10,1,1
8143_4,0,0
11713_9,1,1
5037_10,1,1
9621_7,1,1
2600_10,0,1
2027_1,0,0
8225_1,0,0
12463_10,1,1
7842_8,1,1
4768_2,0,0
2644_1,0,0
4193_7,0,1
5150_7,0,1
5942_7,1,1
8293_1,0,0
6046_10,0,1
12148_9,1,1
966_10,0,1
6428_8,1,1
12465_2,0,0
342_10,0,1
9246_4,0,0
8683_4,1,0
627_7,0,1
5614_4,1,0
4546_3,0,0
4384_1,0,0
3144_1,0,0
9530_10,1,1
10558_4,0,0
619_1,0,0
11594_9,1,1
6511_7,1,1
8351_7,1,1
9163_3,0,0
12078_1,0,0
5489_8,1,1
4191_1,0,0
2373_10,0,1
8664_4,0,0
4556_2,0,0
9004_8,1,1
1357_4,0,0
152_10,1,1
2977_1,0,0
8812_1,0,0
8544_4,0,0
4821_2,0,0
7874_8,1,1
1689_1,0,0
9654_1,0,0
9363_2,0,0
8959_1,0,0
6113_1,0,0
10702_1,0,0
1839_4,0,0
10587_1,0,0
11715_3,0,0
12252_8,1,1
9480_3,0,0
6438_1,0,0
3762_9,0,1
5350_10,1,1
3927_9,1,1
9598_2,0,0
3930_3,0,0
6647_1,0,0
9251_10,1,1
5926_2,0,0
11530_8,1,1
1625_3,0,0
10515_8,0,1
11185_10,0,1
8675_10,0,1
3701_1,0,0
9222_10,1,1
6253_10,1,1
4657_7,0,1
10013_9,1,1
4938_10,1,1
3073_10,0,1
9081_8,1,1
6928_8,1,1
217_3,0,0
2927_3,0,0
2379_1,0,0
10476_2,0,0
8640_10,1,1
2810_3,0,0
6433_1,0,0
6390_10,0,1
11829_8,1,1
7581_10,1,1
11836_3,0,0
2794_1,0,0
5263_1,0,0
1041_10,1,1
7296_1,0,0
10557_8,1,1
5339_9,0,1
4766_8,1,1
8126_3,1,0
9876_2,0,0
2443_4,0,0
10179_10,1,1
6211_3,0,0
925_10,0,1
5050_8,1,1
1891_10,0,1
4767_3,0,0
11625_10,1,1
3388_2,0,0
4908_3,0,0
11205_9,1,1
2228_10,1,1
11236_1,1,0
2367_10,0,1
5060_3,0,0
3292_1,0,0
11282_2,0,0
5307_10,1,1
6963_4,0,0
1319_10,1,1
9660_1,0,0
7254_9,1,1
9441_10,1,1
3838_4,0,0
6209_8,0,1
3049_9,0,1
3033_4,0,0
784_4,0,0
3921_3,0,0
9196_8,1,1
7652_3,1,0
11650_1,0,0
1548_10,1,1
10770_7,1,1
3283_9,1,1
1567_1,1,0
10405_4,0,0
6980_1,0,0
12218_4,0,0
5250_10,1,1
11977_10,1,1
10602_2,0,0
11178_10,1,1
9590_10,0,1
1260_10,1,1
8367_10,1,1
2571_7,1,1
7422_1,0,0
5486_7,0,1
2282_8,1,1
6119_2,0,0
1433_8,1,1
12365_4,0,0
10535_3,0,0
5464_1,0,0
9983_7,1,1
10209_7,0,1
3777_1,1,0
12443_10,1,1
1488_4,0,0
8670_9,1,1
1258_10,1,1
9_7,1,1
12175_9,1,1
211_10,0,1
6329_7,1,1
8866_10,0,1
5911_9,1,1
6100_1,0,0
6342_9,0,1
5455_4,0,0
1215_1,0,0
11020_3,0,0
7975_1,0,0
6720_2,0,0
8986_10,1,1
4874_9,1,1
7204_1,0,0
2612_10,0,1
6923_9,1,1
5742_10,0,1
5044_3,0,0
5013_9,0,1
9752_8,1,1
1112_8,1,1
10925_8,1,1
7012_4,0,0
11484_10,1,1
883_4,0,0
2398_10,1,1
8990_8,0,1
1194_10,0,1
2313_1,0,0
9584_1,0,0
11638_10,1,1
5995_3,0,0
4456_10,1,1
321_1,1,0
7147_1,0,0
10212_4,0,0
7960_10,1,1
8022_7,1,1
11649_9,1,1
8442_8,0,1
8976_1,0,0
9199_10,1,1
8925_10,0,1
3079_2,0,0
7727_10,1,1
2338_1,0,0
3221_2,0,0
288_7,0,1
7150_10,1,1
7520_1,0,0
11477_10,0,1
7765_9,1,1
10062_4,0,0
10616_10,1,1
10592_8,0,1
6745_4,0,0
7912_2,0,0
1130_8,1,1
11096_4,0,0
10081_1,0,0
3808_10,0,1
394_4,0,0
7080_3,0,0
4479_10,0,1
11417_7,0,1
8402_3,0,0
6669_9,0,1
1494_10,1,1
7980_3,0,0
11366_10,1,1
7566_1,0,0
3778_1,0,0
317_2,0,0
8475_7,1,1
11012_2,0,0
11936_4,0,0
145_9,1,1
11427_1,0,0
2204_1,0,0
3373_8,0,1
4640_4,0,0
521_7,0,1
2871_2,0,0
9823_8,1,1
5893_1,0,0
8541_2,0,0
3403_3,0,0
8660_9,0,1
7046_3,0,0
338_1,0,0
9541_1,0,0
12179_7,0,1
9663_3,0,0
6948_3,0,0
10308_10,0,1
11027_10,0,1
6174_3,0,0
10151_8,1,1
10665_1,0,0
6453_2,0,0
3619_2,0,0
3114_1,0,0
1309_2,0,0
8468_1,0,0
8292_10,1,1
1955_1,0,0
4498_9,1,1
8075_9,1,1
10528_8,0,1
253_10,1,1
9467_4,0,0
4018_10,1,1
2644_10,1,1
7240_7,1,1
10929_7,0,1
9743_10,0,1
4641_3,0,0
5711_10,1,1
4912_2,0,0
455_1,0,0
2749_8,1,1
8780_8,1,1
2626_10,1,1
11745_2,0,0
6952_8,1,1
4645_2,0,0
10372_10,1,1
4282_2,0,0
2195_1,0,0
11058_3,0,0
9507_4,0,0
389_10,0,1
4388_10,1,1
9540_1,0,0
6610_4,0,0
8796_10,0,1
3746_1,0,0
11083_1,0,0
9901_1,0,0
4165_1,0,0
8928_9,1,1
8173_10,1,1
5161_1,0,0
11458_4,0,0
11206_9,0,1
3532_7,0,1
5088_1,0,0
11699_8,0,1
10114_2,0,0
8626_9,0,1
6702_2,0,0
3504_1,0,0
3353_4,0,0
6960_10,1,1
5529_10,0,1
5510_9,0,1
1868_10,1,1
11166_10,0,1
8411_2,0,0
9561_10,1,1
11290_2,0,0
1167_4,0,0
9577_3,0,0
1496_10,1,1
3042_10,1,1
4021_4,0,0
6643_10,1,1
806_10,1,1
1520_2,0,0
11133_10,1,1
2783_1,0,0
9570_10,0,1
2349_3,0,0
2242_9,0,1
6113_10,1,1
2153_1,0,0
9167_3,0,0
156_3,1,0
10607_7,0,1
4270_4,0,0
4713_1,0,0
2895_7,0,1
8240_1,0,0
12241_2,0,0
2919_10,1,1
11110_2,0,0
4502_8,0,1
11957_1,0,0
12338_2,0,0
2474_1,0,0
781_4,0,0
7528_1,0,0
3252_2,0,0
6778_8,1,1
3149_10,1,1
436_4,0,0
2586_1,0,0
3610_8,1,1
4392_10,1,1
8914_1,0,0
2197_1,0,0
3323_10,1,1
975_4,0,0
9407_3,0,0
12005_7,0,1
1911_1,0,0
3956_10,1,1
1441_8,1,1
10787_3,0,0
4569_10,1,1
11685_10,1,1
7810_10,1,1
3951_3,0,0
6050_10,0,1
2758_2,0,0
2664_10,1,1
1537_2,0,0
7988_1,0,0
6090_10,1,1
11509_10,1,1
2227_3,0,0
865_3,0,0
7138_8,1,1
7924_8,1,1
10104_1,0,0
3917_2,0,0
169_4,0,0
8630_7,0,1
7895_7,1,1
5485_10,1,1
8390_8,0,1
11497_7,0,1
8964_3,0,0
4647_4,0,0
12231_7,0,1
9634_4,0,0
8582_10,1,1
9237_4,0,0
2847_8,1,1
10940_1,0,0
2990_10,1,1
8377_8,0,1
1206_3,0,0
11719_9,1,1
7003_1,0,0
8012_4,0,0
2572_10,1,1
4126_8,0,1
9190_8,0,1
9625_8,1,1
4706_10,0,1
8697_2,0,0
435_7,0,1
81_3,0,0
6713_8,0,1
5840_10,1,1
5671_8,0,1
5064_3,0,0
1149_3,0,0
12324_10,1,1
6705_1,0,0
243_9,1,1
306_10,0,1
7134_3,0,0
3227_10,1,1
1363_10,0,1
5134_9,1,1
5269_1,0,0
10915_4,0,0
7591_2,0,0
2326_2,0,0
688_4,0,0
878_10,1,1
10245_9,1,1
7388_2,0,0
4304_1,0,0
6752_10,1,1
6881_8,1,1
10230_2,0,0
6901_1,0,0
441_10,1,1
4743_4,0,0
6228_7,0,1
2563_7,1,1
6237_1,0,0
8619_3,0,0
2749_4,0,0
12355_3,0,0
4915_2,0,0
12234_7,1,1
3756_4,0,0
10051_8,1,1
5068_9,1,1
7767_10,1,1
12069_1,0,0
10634_3,0,0
2787_1,0,0
5281_1,0,0
1496_1,0,0
8963_4,0,0
983_7,0,1
8337_4,0,0
783_1,0,0
9939_8,0,1
6507_8,1,1
3488_4,0,0
9304_9,0,1
8664_10,1,1
2722_10,1,1
7716_10,1,1
8512_4,1,0
6002_7,1,1
1213_3,1,0
6351_7,1,1
3049_4,0,0
10897_4,0,0
1936_4,0,0
12368_9,1,1
10982_1,0,0
4116_4,0,0
8243_7,0,1
11506_2,1,0
291_3,0,0
7745_1,0,0
12190_9,1,1
7068_10,1,1
9649_3,0,0
773_1,0,0
1727_10,1,1
346_2,0,0
4629_9,1,1
2509_1,0,0
3664_3,0,0
1024_9,0,1
9514_1,0,0
3483_3,0,0
10053_4,0,0
255_10,1,1
1922_10,0,1
10416_4,0,0
9154_9,0,1
12359_3,0,0
4850_4,0,0
12398_10,1,1
8910_1,0,0
3797_8,0,1
2428_9,0,1
7062_4,1,0
7130_9,1,1
7343_1,0,0
7735_8,0,1
4104_3,0,0
11518_1,0,0
10784_4,0,0
3687_1,0,0
796_10,0,1
2613_1,0,0
3962_9,1,1
4637_9,0,1
10076_3,0,0
2643_9,1,1
3588_1,1,0
6788_1,0,0
1445_4,1,0
10630_7,0,1
9173_10,0,1
3998_3,0,0
11853_1,0,0
2982_1,0,0
2536_4,0,0
5912_10,1,1
3267_8,1,1
8966_4,1,0
7671_3,0,0
1962_1,0,0
3574_1,0,0
10580_1,0,0
10103_9,0,1
2101_8,0,1
9804_10,1,1
12413_9,0,1
9696_2,0,0
8988_1,0,0
882_9,1,1
8098_3,0,0
6072_3,0,0
9484_10,0,1
3448_10,1,1
12074_10,1,1
5880_1,0,0
7658_1,0,0
1286_8,1,1
7013_10,1,1
3590_1,0,0
695_4,0,0
8889_9,1,1
735_1,0,0
2041_7,0,1
12041_3,0,0
4918_3,0,0
1428_3,0,0
1846_4,0,0
11103_10,1,1
1026_10,1,1
9731_3,0,0
7481_1,0,0
10191_10,0,1
8262_4,0,0
903_10,0,1
4212_2,1,0
11611_1,0,0
7814_1,0,0
5116_10,0,1
150_4,0,0
3618_2,0,0
10870_1,0,0
8523_1,0,0
2193_10,1,1
10237_10,1,1
2139_10,1,1
7691_7,1,1
9374_1,0,0
11426_7,1,1
12319_1,0,0
6817_2,0,0
745_1,0,0
6632_1,0,0
7149_8,0,1
9558_3,0,0
10509_1,0,0
1528_2,0,0
3422_10,1,1
6112_8,0,1
3606_4,1,0
8768_7,1,1
2871_8,0,1
12404_10,1,1
6936_3,1,0
855_4,0,0
5703_3,0,0
9446_1,0,0
1407_7,0,1
8422_10,1,1
40_4,0,0
344_4,0,0
11019_10,1,1
869_1,0,0
2245_10,0,1
10002_8,1,1
5110_10,0,1
3201_9,1,1
10621_10,0,1
1213_7,0,1
2147_10,1,1
828_7,0,1
7600_8,1,1
4472_4,0,0
2759_2,0,0
10890_1,0,0
1637_10,0,1
1667_10,1,1
10433_8,1,1
11350_4,0,0
9437_3,0,0
3748_3,0,0
8062_10,1,1
11981_10,0,1
4214_7,0,1
6496_8,1,1
4489_4,0,0
5965_7,0,1
2785_8,1,1
6838_9,1,1
4678_9,0,1
8564_10,0,1
4375_9,0,1
4654_10,1,1
2077_10,1,1
12491_4,0,0
11483_10,1,1
11130_8,1,1
2177_2,0,0
1376_8,0,1
3557_2,0,0
8039_3,0,0
6951_1,0,0
3440_2,0,0
10192_1,0,0
5874_10,1,1
4258_10,0,1
8838_4,0,0
1090_8,1,1
10570_10,1,1
3421_7,1,1
1626_7,0,1
9887_2,0,0
4079_4,0,0
8826_8,1,1
8805_2,0,0
9121_3,1,0
10916_3,0,0
9717_3,0,0
8662_4,1,0
7393_3,0,0
12304_10,1,1
7063_3,0,0
7955_10,1,1
2266_9,1,1
3490_7,1,1
11145_3,0,0
1668_2,0,0
1011_8,1,1
8300_7,1,1
9995_8,1,1
1326_8,0,1
5232_2,0,0
363_10,1,1
11772_2,0,0
8771_3,0,0
927_3,1,0
2569_2,0,0
5558_10,1,1
12375_10,1,1
2338_10,1,1
5773_10,1,1
4664_7,1,1
12295_7,0,1
4123_8,1,1
1553_10,1,1
3770_10,0,1
12011_2,0,0
8033_1,0,0
1395_7,0,1
8614_7,0,1
3784_8,1,1
8769_8,1,1
888_8,0,1
7799_2,0,0
6031_3,0,0
11584_2,0,0
4570_7,1,1
6990_8,1,1
7290_1,0,0
1186_1,0,0
1329_4,1,0
6793_10,1,1
8562_10,0,1
8841_4,0,0
9234_1,0,0
2992_3,0,0
3761_4,0,0
1144_1,0,0
11737_10,1,1
6628_10,1,1
7619_4,0,0
5074_3,0,0
2056_1,0,0
812_7,1,1
615_3,0,0
1473_3,0,0
11642_1,0,0
2957_8,1,1
3223_7,0,1
4491_10,1,1
11617_8,0,1
2209_8,1,1
10250_4,0,0
8707_3,0,0
3581_2,0,0
3089_2,0,0
9367_4,0,0
8890_3,0,0
4657_3,0,0
8474_1,0,0
1542_3,0,0
9024_8,0,1
3176_1,0,0
11219_8,1,1
1086_2,0,0
11230_4,0,0
2543_3,0,0
3391_4,1,0
5876_10,0,1
6712_2,0,0
12468_1,0,0
1801_10,1,1
6727_10,1,1
3072_3,0,0
6079_7,1,1
1409_10,1,1
7709_2,0,0
11484_2,0,0
10843_2,0,0
3964_7,0,1
5691_7,0,1
5837_1,0,0
963_8,1,1
3530_8,1,1
6558_8,1,1
3084_4,0,0
3025_8,1,1
9396_8,0,1
7530_1,0,0
6301_4,0,0
2934_10,0,1
8286_9,1,1
12122_10,1,1
2799_8,1,1
3516_7,0,1
5715_10,1,1
6525_3,0,0
12308_10,0,1
1305_9,0,1
8190_2,0,0
8170_1,0,0
2355_7,1,1
9714_3,0,0
9667_8,1,1
4861_1,0,0
10028_10,0,1
3256_2,0,0
5974_2,0,0
9185_10,1,1
2507_10,1,1
8910_10,1,1
6791_1,0,0
1692_10,1,1
5520_10,0,1
10119_10,0,1
1226_1,0,0
5998_7,0,1
4421_1,1,0
7660_8,1,1
5532_4,0,0
2869_3,0,0
3795_2,0,0
3602_10,1,1
1453_10,1,1
1298_8,0,1
6331_1,0,0
7694_3,0,0
11568_10,1,1
6426_7,1,1
609_7,1,1
3352_4,0,0
12451_3,0,0
3228_7,1,1
945_7,0,1
8283_10,1,1
10780_7,1,1
2944_1,0,0
5697_7,0,1
9066_3,0,0
6254_7,1,1
384_4,0,0
1961_9,1,1
10085_2,0,0
1726_10,1,1
7937_1,0,0
2561_10,1,1
9899_9,1,1
8694_2,0,0
4217_8,1,1
2425_3,0,0
5809_1,0,0
3122_7,1,1
1522_10,1,1
5582_10,0,1
12357_2,0,0
3166_10,0,1
3176_9,1,1
9320_9,1,1
8187_1,0,0
5573_1,0,0
9078_2,0,0
6706_4,0,0
8882_8,1,1
2489_3,0,0
2768_10,1,1
2384_3,0,0
12494_8,1,1
10375_3,0,0
403_7,0,1
6334_3,0,0
9136_1,0,0
10698_1,0,0
2203_4,0,0
2122_1,0,0
2904_4,0,0
12367_9,1,1
9638_8,1,1
2005_1,0,0
4963_8,1,1
7575_1,0,0
9989_1,0,0
8776_4,0,0
10188_10,0,1
8238_1,0,0
9244_4,1,0
11142_2,0,0
4365_7,1,1
5877_4,0,0
12135_8,1,1
3526_3,0,0
5209_4,0,0
5991_2,0,0
10888_1,0,0
1303_3,0,0
5764_4,0,0
2933_10,1,1
7297_1,0,0
11156_10,1,1
1353_1,0,0
10017_1,1,0
4203_3,0,0
4546_9,1,1
6039_1,0,0
5804_3,0,0
9085_4,0,0
10774_10,1,1
2178_7,1,1
2958_2,0,0
11469_8,0,1
5378_2,0,0
4583_8,0,1
9539_10,1,1
5090_8,0,1
12036_4,0,0
1766_9,1,1
11536_7,1,1
4792_9,1,1
7615_1,0,0
9624_1,0,0
5230_9,1,1
939_4,1,0
2353_7,1,1
8760_9,1,1
3231_9,1,1
8183_7,1,1
2156_10,1,1
245_2,0,0
12048_1,0,0
6572_9,0,1
10848_9,0,1
9576_10,1,1
3174_1,0,0
9824_8,0,1
8199_1,0,0
10911_3,0,0
2452_1,0,0
7574_3,0,0
8363_7,1,1
3672_9,0,1
11693_10,1,1
9731_10,1,1
280_1,0,0
10065_8,1,1
10284_9,0,1
7990_1,0,0
12256_4,0,0
7558_1,0,0
9636_2,0,0
8632_2,0,0
6157_3,0,0
9429_7,0,1
1447_1,0,0
10948_8,1,1
12300_4,0,0
10208_1,0,0
5889_3,1,0
2376_9,1,1
3354_2,0,0
9530_1,0,0
2469_10,1,1
2229_10,0,1
12326_10,0,1
8097_2,0,0
6502_3,0,0
8877_8,1,1
5408_7,0,1
3589_4,0,0
5934_3,0,0
3653_10,1,1
6900_1,0,0
3395_9,1,1
10302_7,1,1
10527_3,0,0
10080_10,0,1
5818_10,0,1
3178_10,1,1
10636_8,1,1
9586_2,1,0
8548_2,0,0
2851_1,0,0
6874_7,1,1
5850_8,1,1
2392_10,1,1
7434_2,0,0
11879_10,1,1
1190_10,1,1
8411_10,0,1
4833_9,0,1
5853_1,0,0
5485_4,0,0
111_3,0,0
6376_10,1,1
5425_1,0,0
3189_2,0,0
5053_8,1,1
1171_1,0,0
2206_4,0,0
11912_4,0,0
9874_7,1,1
3439_9,0,1
4221_8,1,1
6830_3,0,0
960_8,0,1
11862_1,0,0
8231_7,1,1
11765_1,0,0
9849_1,0,0
7518_4,0,0
3014_1,0,0
2534_10,1,1
5197_10,1,1
6775_2,0,0
4649_1,0,0
10748_3,0,0
6943_4,1,0
9692_1,0,0
11972_7,0,1
7251_9,1,1
459_4,0,0
1101_8,0,1
358_4,0,0
7543_1,0,0
3980_3,0,0
1276_3,0,0
12111_8,1,1
11876_4,0,0
5473_8,1,1
1296_1,0,0
7224_9,1,1
8035_10,1,1
10436_1,0,0
8475_1,0,0
4293_2,0,0
9867_2,0,0
4101_1,0,0
6220_1,0,0
6246_4,0,0
2907_8,1,1
4532_2,0,0
10753_8,0,1
328_10,1,1
1941_1,0,0
7586_9,0,1
11294_1,0,0
7534_9,1,1
2675_3,0,0
3837_10,1,1
5349_9,1,1
641_1,0,0
9273_8,0,1
8120_4,0,0
10610_1,0,0
1829_1,0,0
6406_10,0,1
4029_10,1,1
10845_10,0,1
2573_4,0,0
2033_3,0,0
9633_4,1,0
6243_1,0,0
7596_10,1,1
4208_8,0,1
6984_8,1,1
3656_1,0,0
2434_1,0,0
10340_7,0,1
6130_9,0,1
8093_7,1,1
7962_1,0,0
12178_7,0,1
10931_2,0,0
6857_10,1,1
11091_8,1,1
4167_2,0,0
679_4,1,0
10147_1,0,0
6875_1,0,0
923_10,1,1
6200_8,0,1
7208_8,1,1
5363_8,1,1
4067_8,0,1
1773_7,0,1
1498_10,0,1
10497_10,1,1
3444_10,1,1
588_2,0,0
9678_9,0,1
1983_9,0,1
5012_3,0,0
12240_2,0,0
5071_2,0,0
5078_2,0,0
10069_3,0,0
7407_8,1,1
7207_1,0,0
2155_10,0,1
59_10,1,1
2531_1,0,0
7772_8,0,1
11465_10,1,1
